0.00000000
0.00141894
0.00164507
0.00137114
0.00140264
0.00139617
0.00141314
0.00144523
0.00143111
0.00138643
0.00144505
0.00145856
0.00145114
0.00144302
0.00149831
0.00150026
0.00149403
0.00149048
0.00150364
0.00161662
0.00149710
0.00164380
0.00156386
0.00145827
0.00154578
0.00152638
0.00147916
0.00147828
0.00158602
0.00158648
0.00147399
0.00154333
0.00160813
0.00176305
0.00151888
0.00165673
0.00148315
0.00149634
0.00149924
0.00150276
0.00154492
0.00142165
0.00147986
0.00140100
0.00144314
0.00144955
0.00154590
0.00147454
0.00151146
0.00140203
0.00145737
0.00144307
0.00144429
0.00149677
0.00142084
0.00145138
0.00142441
0.00149225
0.00143848
0.00145831
0.00141736
0.00144601
0.00150014
0.00144756
0.00147982
0.00146648
0.00151779
0.00147187
0.00148685
0.00145875
0.00145899
0.00142891
0.00145070
0.00152167
0.00144915
0.00149311
0.00142551
0.00141675
0.00142352
0.00143901
0.00146630
0.00141369
0.00145877
0.00137959
0.00146045
0.00141103
0.00138508
0.00144251
0.00141453
0.00142354
0.00147844
0.00141930
0.00137431
0.00142510
0.00144331
0.00144922
0.00147315
0.00147214
0.00140589
0.00144742
0.00139802
0.00142137
0.00138029
0.00141677
0.00138529
0.00141269
0.00143082
0.00143430
0.00139603
0.00144486
0.00141827
0.00144665
0.00139536
0.00141890
0.00141413
0.00148874
0.00141865
0.00143233
0.00142703
0.00143132
0.00138738
0.00140534
0.00146307
0.00139403
0.00140962
0.00137606
0.00136379
0.00145634
0.00141933
0.00146703
0.00140986
0.00143832
0.00152819
0.00140497
0.00142675
0.00145290
0.00141142
0.00139456
0.00139188
0.00142607
0.00146392
0.00141422
0.00152389
0.00142341
0.00144609
0.00146864
0.00143331
0.00144118
0.00140910
0.00144234
0.00140500
0.00141222
0.00142413
0.00141670
0.00140875
0.00140860
0.00147041
0.00152916
0.00146197
0.00148476
0.00146613
0.00142048
0.00150197
0.00149942
0.00144923
0.00145725
0.00141495
0.00147179
0.00151631
0.00145582
0.00147271
0.00146895
0.00153935
0.00145210
0.00147767
0.00149331
0.00140685
0.00141616
0.00141738
0.00142198
0.00145182
0.00143529
0.00140177
0.00139646
0.00144736
0.00142386
0.00140215
0.00142382
0.00142646
0.00142307
0.00141556
0.00139844
0.00140889
0.00137578
0.00140196
0.00140657
0.00140200
0.00144565
0.00144294
0.00140979
0.00142662
0.00142189
0.00136039
0.00141355
0.00138257
0.00141426
0.00141980
0.00141527
0.00145646
0.00146819
0.00143652
0.00143946
0.00139696
0.00138344
0.00138614
0.00140236
0.00141620
0.00141478
0.00137706
0.00143544
0.00140450
0.00142924
0.00140411
0.00138991
0.00140818
0.00138155
0.00140773
0.00145109
0.00142440
0.00139884
0.00141160
0.00138203
0.00139944
0.00138701
0.00139840
0.00143983
0.00142000
0.00139840
0.00140941
0.00143247
0.00139057
0.00138138
0.00145805
0.00141920
0.00137745
0.00142362
0.00143396
0.00137381
0.00145360
0.00136838
0.00140723
0.00141540
0.00141721
0.00145614
0.00143689
0.00146275
0.00146822
0.00147115
0.00144259
0.00138702
0.00140458
0.00142984
0.00144068
0.00142540
0.00138164
0.00141836
0.00140118
0.00140715
0.00143165
0.00142977
0.00141913
0.00145157
0.00139920
0.00141260
0.00143034
0.00138017
0.00135810
0.00137580
0.00144453
0.00142015
0.00140807
0.00141356
0.00144368
0.00140390
0.00147295
0.00149992
0.00143457
0.00142644
0.00145777
0.00141661
0.00142119
0.00143855
0.00154261
0.00148376
0.00143393
0.00140824
0.00138875
0.00145088
0.00152035
0.00156492
0.00138868
0.00137742
0.00144706
0.00142273
0.00142690
0.00141704
0.00138811
0.00139904
0.00135450
0.00138226
0.00141823
0.00140445
0.00141293
0.00141398
0.00138432
0.00143197
0.00143058
0.00144747
0.00143208
0.00140471
0.00142213
0.00143900
0.00143167
0.00141458
0.00144815
0.00143923
0.00141129
0.00142646
0.00143083
0.00142077
0.00144718
0.00142047
0.00140767
0.00139037
0.00140555
0.00144132
0.00143551
0.00145807
0.00145450
0.00144019
0.00143799
0.00143950
0.00141731
0.00142458
0.00140219
0.00144211
0.00143644
0.00143070
0.00148041
0.00143842
0.00143785
0.00144179
0.00139913
0.00140054
0.00145081
0.00139341
0.00138349
0.00139124
0.00140631
0.00142149
0.00143636
0.00138312
0.00143266
0.00141246
0.00142579
0.00141422
0.00139682
0.00140948
0.00144947
0.00143056
0.00143321
0.00144977
0.00142643
0.00140370
0.00141864
0.00142575
0.00141756
0.00144853
0.00141467
0.00137468
0.00140452
0.00138741
0.00140187
0.00140156
0.00139726
0.00140308
0.00138670
0.00135547
0.00140862
0.00139986
0.00138895
0.00142718
0.00142944
0.00143360
0.00142005
0.00142582
0.00140291
0.00137554
0.00138165
0.00141215
0.00141199
0.00139731
0.00138027
0.00143014
0.00142912
0.00139920
0.00138902
0.00142891
0.00142036
0.00139621
0.00140937
0.00141970
0.00141908
0.00141837
0.00143042
0.00139542
0.00143999
0.00143566
0.00140312
0.00141768
0.00145883
0.00139585
0.00139471
0.00141047
0.00144145
0.00141460
0.00142770
0.00141024
0.00137736
0.00139616
0.00144174
0.00142827
0.00144551
0.00144035
0.00141916
0.00139220
0.00138701
0.00140161
0.00142384
0.00141605
0.00137964
0.00142321
0.00139623
0.00143431
0.00142445
0.00145692
0.00145376
0.00143519
0.00142790
0.00141835
0.00143640
0.00144104
0.00142115
0.00145479
0.00145751
0.00143984
0.00137863
0.00142735
0.00142594
0.00139845
0.00140024
0.00142193
0.00145285
0.00145207
0.00139886
0.00141886
0.00141994
0.00141482
0.00141754
0.00141927
0.00144259
0.00145878
0.00145065
0.00143252
0.00141271
0.00141443
0.00140288
0.00143633
0.00145150
0.00141756
0.00142674
0.00144642
0.00144504
0.00140010
0.00144970
0.00142143
0.00140597
0.00143673
0.00142203
0.00144153
0.00140300
0.00141760
0.00138673
0.00143803
0.00144976
0.00137105
0.00143037
0.00141704
0.00141403
0.00141208
0.00141663
0.00140798
0.00139738
0.00142088
0.00143934
0.00141729
0.00138990
0.00141167
0.00143027
0.00141974
0.00141001
0.00139613
0.00139779
0.00140319
0.00139831
0.00144315
0.00141241
0.00142038
0.00140549
0.00143792
0.00145109
0.00145093
0.00140618
0.00140224
0.00141817
0.00140922
0.00139348
0.00141219
0.00143934
0.00139931
0.00135074
0.00140038
0.00137919
0.00140673
0.00144246
0.00147628
0.00145648
0.00143331
0.00143645
0.00139343
0.00142426
0.00144016
0.00146363
0.00142703
0.00141446
0.00142331
0.00144342
0.00140812
0.00139940
0.00144147
0.00142663
0.00137818
0.00142269
0.00140759
0.00142552
0.00141269
0.00141632
0.00140166
0.00140938
0.00145648
0.00145585
0.00142006
0.00137499
0.00139597
0.00139286
0.00146098
0.00142726
0.00138649
0.00140580
0.00140155
0.00139906
0.00142525
0.00144761
0.00140095
0.00143486
0.00141857
0.00146527
0.00142364
0.00144700
0.00145992
0.00142859
0.00143689
0.00141925
0.00140238
0.00141463
0.00142124
0.00142168
0.00144326
0.00141682
0.00140783
0.00149718
0.00146160
0.00144864
0.00145758
0.00143620
0.00139871
0.00143740
0.00142199
0.00143168
0.00140538
0.00136248
0.00140310
0.00141828
0.00142684
0.00140299
0.00143641
0.00140697
0.00143588
0.00143925
0.00143368
0.00139837
0.00144922
0.00143421
0.00138820
0.00136221
0.00143054
0.00141114
0.00143783
0.00141580
0.00142188
0.00146269
0.00145419
0.00141615
0.00140336
0.00138523
0.00137234
0.00140121
0.00140771
0.00140435
0.00138842
0.00140933
0.00141802
0.00141374
0.00145162
0.00142328
0.00139367
0.00145756
0.00142531
0.00140215
0.00143992
0.00143071
0.00145194
0.00142936
0.00146468
0.00139673
0.00141190
0.00141188
0.00141558
0.00144220
0.00141043
0.00141835
0.00139112
0.00143873
0.00141164
0.00142139
0.00138932
0.00141496
0.00142961
0.00138378
0.00143031
0.00152060
0.00153438
0.00142817
0.00139087
0.00140369
0.00136298
0.00141191
0.00139872
0.00141488
0.00138209
0.00140060
0.00141018
0.00140782
0.00142661
0.00141863
0.00148232
0.00145646
0.00141699
0.00140978
0.00142603
0.00148427
0.00147147
0.00140366
0.00145377
0.00145555
0.00143502
0.00141063
0.00137722
0.00139203
0.00141027
0.00141458
0.00137828
0.00140475
0.00143857
0.00141004
0.00140655
0.00142716
0.00141948
0.00142901
0.00140407
0.00139046
0.00142200
0.00139777
0.00139191
0.00143295
0.00143662
0.00137736
0.00148376
0.00145274
0.00142011
0.00141553
0.00145919
0.00141974
0.00139406
0.00137783
0.00142785
0.00143277
0.00143260
0.00146578
0.00140568
0.00141191
0.00142965
0.00140184
0.00141003
0.00140192
0.00139791
0.00143873
0.00139967
0.00139109
0.00143392
0.00142384
0.00144663
0.00143936
0.00145328
0.00142085
0.00158713
0.00146026
0.00141780
0.00140256
0.00142909
0.00142734
0.00142310
0.00141644
0.00139745
0.00140920
0.00143904
0.00141633
0.00142362
0.00143468
0.00142338
0.00141769
0.00143836
0.00140172
0.00139791
0.00142362
0.00144822
0.00140770
0.00143628
0.00146934
0.00142470
0.00147273
0.00162367
0.00145867
0.00143029
0.00142138
0.00143088
0.00142543
0.00139081
0.00143449
0.00141939
0.00142035
0.00143130
0.00146597
0.00151981
0.00144013
0.00142713
0.00141612
0.00138004
0.00143444
0.00141001
0.00139369
0.00141496
0.00139975
0.00137446
0.00139461
0.00142907
0.00138899
0.00140270
0.00144254
0.00142569
0.00141181
0.00140772
0.00144634
0.00144125
0.00143468
0.00142426
0.00140812
0.00141652
0.00142320
0.00139292
0.00138978
0.00140182
0.00144929
0.00142551
0.00141832
0.00142666
0.00143252
0.00140463
0.00141631
0.00143382
0.00138063
0.00140300
0.00142289
0.00138658
0.00139222
0.00139406
0.00141110
0.00140062
0.00142720
0.00143318
0.00141462
0.00141551
0.00141152
0.00143343
0.00141885
0.00140997
0.00135487
0.00143513
0.00147100
0.00146159
0.00141358
0.00140555
0.00143615
0.00142865
0.00137254
0.00139058
0.00139444
0.00138868
0.00142946
0.00144015
0.00142572
0.00139142
0.00138932
0.00138800
0.00138956
0.00140734
0.00138147
0.00141000
0.00136833
0.00139573
0.00140456
0.00138470
0.00142449
0.00140418
0.00136285
0.00142168
0.00138589
0.00141425
0.00142066
0.00142621
0.00139567
0.00139881
0.00139008
0.00142424
0.00144146
0.00140226
0.00138325
0.00142872
0.00139557
0.00141225
0.00139135
0.00138808
0.00140467
0.00141420
0.00143880
0.00142178
0.00138440
0.00138620
0.00137689
0.00142357
0.00140271
0.00141063
0.00141349
0.00138298
0.00138786
0.00141141
0.00141653
0.00145487
0.00141511
0.00140219
0.00139380
0.00137086
0.00140188
0.00140124
0.00141652
0.00137671
0.00137730
0.00136011
0.00137779
0.00141447
0.00142046
0.00145118
0.00140299
0.00143499
0.00139746
0.00141956
0.00139044
0.00134649
0.00138595
0.00145133
0.00143150
0.00141383
0.00142223
0.00141631
0.00140261
0.00135116
0.00142589
0.00140373
0.00140143
0.00146517
0.00143237
0.00140737
0.00139139
0.00140131
0.00139250
0.00138256
0.00139466
0.00137895
0.00142132
0.00142072
0.00138884
0.00141927
0.00141883
0.00143855
0.00142019
0.00141782
0.00142092
0.00142238
0.00140265
0.00135187
0.00132952
0.00138208
0.00139530
0.00142621
0.00139715
0.00141246
0.00141382
0.00139801
0.00134477
0.00140930
0.00142038
0.00142343
0.00139676
0.00141399
0.00138911
0.00142135
0.00140807
0.00138292
0.00140091
0.00139329
0.00138294
0.00140827
0.00141205
0.00137738
0.00138727
0.00142683
0.00137353
0.00139102
0.00138935
0.00139993
0.00142859
0.00140890
0.00139720
0.00140170
0.00137175
0.00138424
0.00141517
0.00138606
0.00139942
0.00142934
0.00142479
0.00139025
0.00138633
0.00141627
0.00143306
0.00139533
0.00142545
0.00152992
0.00143017
0.00142895
0.00142049
0.00146641
0.00147732
0.00140184
0.00167795
0.00141506
0.00137772
0.00143799
0.00143210
0.00139545
0.00143544
0.00140037
0.00144248
0.00142258
0.00139500
0.00138793
0.00144749
0.00144422
0.00141340
0.00142048
0.00144352
0.00139497
0.00142707
0.00144077
0.00146275
0.00144211
0.00142182
0.00138938
0.00140657
0.00142907
0.00147099
0.00142497
0.00141951
0.00139255
0.00141466
0.00140795
0.00141649
0.00141127
0.00138613
0.00140303
0.00144388
0.00152955
0.00141901
0.00146507
0.00141959
0.00142652
0.00142846
0.00139841
0.00144084
0.00142030
0.00137307
0.00151220
0.00138299
0.00137464
0.00140596
0.00141445
0.00143769
0.00145566
0.00144827
0.00143352
0.00140724
0.00142008
0.00143619
0.00142979
0.00144301
0.00144758
0.00143728
0.00144351
0.00145614
0.00143355
0.00145916
0.00143161
0.00140795
0.00139718
0.00143236
0.00141405
0.00144823
0.00146288
0.00141331
0.00141766
0.00140743
0.00139549
0.00140246
0.00141271
0.00143401
0.00144239
0.00141244
0.00141185
0.00141120
0.00141823
0.00141390
0.00144544
0.00142903
0.00140323
0.00141856
0.00144155
0.00139098
0.00138184
0.00140452
0.00144568
0.00143843
0.00142555
0.00140640
0.00143132
0.00143344
0.00146469
0.00142874
0.00143898
0.00142116
0.00141768
0.00143703
0.00145443
0.00143943
0.00144031
0.00144231
0.00143083
0.00140314
0.00138939
0.00139163
0.00141973
0.00142338
0.00139104
0.00143577
0.00142309
0.00139927
0.00140267
0.00143596
0.00139908
0.00143086
0.00137949
0.00141996
0.00138321
0.00139164
0.00141529
0.00145615
0.00142893
0.00147089
0.00142278
0.00143941
0.00146074
0.00138095
0.00140650
0.00137781
0.00139434
0.00142912
0.00144125
0.00138070
0.00143661
0.00143027
0.00140589
0.00140915
0.00137823
0.00138657
0.00137580
0.00141045
0.00140683
0.00144068
0.00138778
0.00139943
0.00138648
0.00139464
0.00138414
0.00141561
0.00142830
0.00143406
0.00140650
0.00139016
0.00139055
0.00140968
0.00143149
0.00142633
0.00142588
0.00138877
0.00138226
0.00139863
0.00141460
0.00139822
0.00140069
0.00137727
0.00141411
0.00140450
0.00137298
0.00142155
0.00140252
0.00139847
0.00139514
0.00138914
0.00140020
0.00139735
0.00142444
0.00142650
0.00141700
0.00143280
0.00138163
0.00141103
0.00141832
0.00140902
0.00143694
0.00145584
0.00142988
0.00144336
0.00142078
0.00144660
0.00144611
0.00139597
0.00143817
0.00140693
0.00144419
0.00141600
0.00144501
0.00139800
0.00142400
0.00142874
0.00139123
0.00142919
0.00145407
0.00144445
0.00140171
0.00138836
0.00139726
0.00142635
0.00145003
0.00143434
0.00141437
0.00145227
0.00142199
0.00140060
0.00142157
0.00140539
0.00144117
0.00139153
0.00142622
0.00141725
0.00143770
0.00140780
0.00139426
0.00140852
0.00140666
0.00139964
0.00142019
0.00141566
0.00140974
0.00139593
0.00138225
0.00142794
0.00140547
0.00139137
0.00136816
0.00139231
0.00139073
0.00142595
0.00142361
0.00144067
0.00145691
0.00142373
0.00140626
0.00139643
0.00140191
0.00140498
0.00136300
0.00144975
0.00142772
0.00141589
0.00140673
0.00142506
0.00139316
0.00139337
0.00143776
0.00140429
0.00140585
0.00139895
0.00140325
0.00141178
0.00139832
0.00142206
0.00140238
0.00142592
0.00142324
0.00140322
0.00140583
0.00139866
0.00139689
0.00145232
0.00144735
0.00144867
0.00143605
0.00140319
0.00142651
0.00143410
0.00139718
0.00156904
0.00143256
0.00144676
0.00143374
0.00142402
0.00141633
0.00143285
0.00141932
0.00140209
0.00140282
0.00140466
0.00143673
0.00143198
0.00140622
0.00143034
0.00139569
0.00142973
0.00137691
0.00141210
0.00142088
0.00143116
0.00141039
0.00141553
0.00139018
0.00138224
0.00141604
0.00141263
0.00142247
0.00139106
0.00154160
0.00142542
0.00142115
0.00143793
0.00143046
0.00140653
0.00140103
0.00140469
0.00140815
0.00139304
0.00140995
0.00143877
0.00139949
0.00139116
0.00142906
0.00140856
0.00137853
0.00139722
0.00144851
0.00147001
0.00140870
0.00140456
0.00140637
0.00139670
0.00141795
0.00141925
0.00140319
0.00142530
0.00143135
0.00140016
0.00141757
0.00139382
0.00138161
0.00139919
0.00139863
0.00157724
0.00136991
0.00140197
0.00144300
0.00143064
0.00139261
0.00139630
0.00140725
0.00138117
0.00140026
0.00143738
0.00140810
0.00141982
0.00142179
0.00139352
0.00137747
0.00143933
0.00139037
0.00139063
0.00139764
0.00138675
0.00141853
0.00137827
0.00138022
0.00136965
0.00137138
0.00136076
0.00136940
0.00137320
0.00139824
0.00137996
0.00142468
0.00144149
0.00142111
0.00140395
0.00139003
0.00138539
0.00139026
0.00137187
0.00140735
0.00139044
0.00136772
0.00140361
0.00137920
0.00145927
0.00143532
0.00138645
0.00138266
0.00138001
0.00139802
0.00142499
0.00144890
0.00140648
0.00144083
0.00139490
0.00138540
0.00137903
0.00142761
0.00145786
0.00139064
0.00142227
0.00137170
0.00143200
0.00140445
0.00143277
0.00140412
0.00143006
0.00138999
0.00140801
0.00142409
0.00143083
0.00143765
0.00143783
0.00143964
0.00143754
0.00138412
0.00138946
0.00140340
0.00137700
0.00140821
0.00140486
0.00141923
0.00140515
0.00142434
0.00139467
0.00141998
0.00141060
0.00145046
0.00141844
0.00144379
0.00139818
0.00141401
0.00141454
0.00139749
0.00141263
0.00139612
0.00137512
0.00141306
0.00138932
0.00142170
0.00142933
0.00141071
0.00137239
0.00136124
0.00139786
0.00142324
0.00140441
0.00143922
0.00142167
0.00141805
0.00143640
0.00137740
0.00139179
0.00138305
0.00139537
0.00141600
0.00142300
0.00142260
0.00142490
0.00143453
0.00141135
0.00142076
0.00138068
0.00140776
0.00143270
0.00139822
0.00140817
0.00140381
0.00137081
0.00138318
0.00140163
0.00140960
0.00137444
0.00141554
0.00139705
0.00144563
0.00145136
0.00143617
0.00142513
0.00141184
0.00145086
0.00142799
0.00136659
0.00140974
0.00138799
0.00138901
0.00139935
0.00141645
0.00143739
0.00156364
0.00141811
0.00139410
0.00141411
0.00139489
0.00142070
0.00142544
0.00141311
0.00145362
0.00143827
0.00141290
0.00141811
0.00139642
0.00140123
0.00141834
0.00142186
0.00140616
0.00147527
0.00140553
0.00138620
0.00143667
0.00141876
0.00139093
0.00144363
0.00141582
0.00138853
0.00141421
0.00137220
0.00137868
0.00140154
0.00143816
0.00145439
0.00140671
0.00137426
0.00141650
0.00142539
0.00141944
0.00140996
0.00142712
0.00144154
0.00141702
0.00143272
0.00144165
0.00144209
0.00139972
0.00141722
0.00139446
0.00136951
0.00139493
0.00144638
0.00144181
0.00140482
0.00142215
0.00142276
0.00140452
0.00139956
0.00140848
0.00140782
0.00142524
0.00143588
0.00141865
0.00145142
0.00140617
0.00142038
0.00141233
0.00141875
0.00144394
0.00142135
0.00142066
0.00144507
0.00140622
0.00138381
0.00136713
0.00140824
0.00141571
0.00137503
0.00138239
0.00140445
0.00135889
0.00139086
0.00137781
0.00142035
0.00139456
0.00142069
0.00139490
0.00143384
0.00138225
0.00140217
0.00140439
0.00142320
0.00140346
0.00141395
0.00146644
0.00145143
0.00141461
0.00141416
0.00139510
0.00140770
0.00142853
0.00140000
0.00142322
0.00142735
0.00138677
0.00139468
0.00144102
0.00141645
0.00141401
0.00140627
0.00139066
0.00141515
0.00144661
0.00143799
0.00139253
0.00142599
0.00145023
0.00143257
0.00141527
0.00137493
0.00138710
0.00139982
0.00142010
0.00141203
0.00137995
0.00139561
0.00140141
0.00141805
0.00141524
0.00139158
0.00143378
0.00142155
0.00142051
0.00139262
0.00138516
0.00140160
0.00136882
0.00137967
0.00137748
0.00142053
0.00139078
0.00141007
0.00142644
0.00142461
0.00144864
0.00143305
0.00142687
0.00144145
0.00136251
0.00139340
0.00141775
0.00140699
0.00143504
0.00138204
0.00137103
0.00142103
0.00142422
0.00143558
0.00142142
0.00145536
0.00141308
0.00143169
0.00143669
0.00140616
0.00143661
0.00138194
0.00141924
0.00142817
0.00141292
0.00144649
0.00143605
0.00146264
0.00140907
0.00138521
0.00143984
0.00142932
0.00143496
0.00147794
0.00143612
0.00141292
0.00140233
0.00139591
0.00142060
0.00143384
0.00140759
0.00140707
0.00142737
0.00143594
0.00141709
0.00142505
0.00141257
0.00139675
0.00141142
0.00145103
0.00143034
0.00142902
0.00143819
0.00140145
0.00147615
0.00148319
0.00148747
0.00142703
0.00141134
0.00140609
0.00146160
0.00145655
0.00142959
0.00145002
0.00146176
0.00142236
0.00141400
0.00142961
0.00139356
0.00138272
0.00138195
0.00140166
0.00142425
0.00140675
0.00144247
0.00141770
0.00143864
0.00141787
0.00143905
0.00145292
0.00145033
0.00143750
0.00142794
0.00143915
0.00143106
0.00139051
0.00140557
0.00141931
0.00142054
0.00142205
0.00137898
0.00140806
0.00142456
0.00143905
0.00145368
0.00140654
0.00139642
0.00143059
0.00142389
0.00137585
0.00139302
0.00145118
0.00141930
0.00145025
0.00140040
0.00145484
0.00140436
0.00138631
0.00140363
0.00142167
0.00144939
0.00140201
0.00139742
0.00140638
0.00143334
0.00143358
0.00143110
0.00143601
0.00141186
0.00140423
0.00140597
0.00142045
0.00139272
0.00144786
0.00143534
0.00141337
0.00141582
0.00141867
0.00140801
0.00139668
0.00142444
0.00138772
0.00142850
0.00140807
0.00140323
0.00137437
0.00139202
0.00140105
0.00143095
0.00142178
0.00143040
0.00142793
0.00144755
0.00142465
0.00141442
0.00140391
0.00139250
0.00142932
0.00139140
0.00143939
0.00143969
0.00141415
0.00144426
0.00141919
0.00138883
0.00142772
0.00143905
0.00139936
0.00141597
0.00137660
0.00137994
0.00149877
0.00141619
0.00139804
0.00137366
0.00138040
0.00143114
0.00140921
0.00140334
0.00146960
0.00143820
0.00142761
0.00142618
0.00141099
0.00141664
0.00147292
0.00146128
0.00140783
0.00141291
0.00145361
0.00140930
0.00138645
0.00140443
0.00139856
0.00139793
0.00138170
0.00137436
0.00140393
0.00144047
0.00139523
0.00137408
0.00138468
0.00143663
0.00147768
0.00142410
0.00146852
0.00145912
0.00148264
0.00147139
0.00139969
0.00138870
0.00141648
0.00142835
0.00137901
0.00141586
0.00145178
0.00138742
0.00139999
0.00136985
0.00137840
0.00140813
0.00140345
0.00143654
0.00147494
0.00136938
0.00140868
0.00141371
0.00143588
0.00142748
0.00140657
0.00143579
0.00142243
0.00138719
0.00141894
0.00141604
0.00144503
0.00142829
0.00140433
0.00139354
0.00139492
0.00138473
0.00141132
0.00143940
0.00140407
0.00138427
0.00142387
0.00138454
0.00136177
0.00142166
0.00141130
0.00144594
0.00142029
0.00141771
0.00139891
0.00141370
0.00137750
0.00139465
0.00140941
0.00143754
0.00139157
0.00136604
0.00137784
0.00140005
0.00141974
0.00140582
0.00140866
0.00141709
0.00144125
0.00145194
0.00138427
0.00137763
0.00141482
0.00140789
0.00142939
0.00139470
0.00141110
0.00137273
0.00142943
0.00139800
0.00138992
0.00139584
0.00140015
0.00139896
0.00141544
0.00137734
0.00139166
0.00144826
0.00140333
0.00137642
0.00146945
0.00144627
0.00142209
0.00142517
0.00143993
0.00141468
0.00142213
0.00143383
0.00144938
0.00141359
0.00144243
0.00143698
0.00142781
0.00144155
0.00147083
0.00148840
0.00145621
0.00147224
0.00143690
0.00142450
0.00143687
0.00144750
0.00143635
0.00140428
0.00139007
0.00141561
0.00141409
0.00143806
0.00143703
0.00143323
0.00144850
0.00144436
0.00144696
0.00142938
0.00140868
0.00141740
0.00139488
0.00138202
0.00142396
0.00143183
0.00142287
0.00143953
0.00145383
0.00142113
0.00144572
0.00141608
0.00140120
0.00140817
0.00138442
0.00145834
0.00152190
0.00141477
0.00145129
0.00143190
0.00138409
0.00142144
0.00140819
0.00143258
0.00140025
0.00143207
0.00144403
0.00140158
0.00140448
0.00142014
0.00143932
0.00137954
0.00141203
0.00144469
0.00144399
0.00140352
0.00143295
0.00144609
0.00146397
0.00145384
0.00145458
0.00141850
0.00144528
0.00147590
0.00144496
0.00143534
0.00142539
0.00145526
0.00140056
0.00139721
0.00145967
0.00146151
0.00145173
0.00147906
0.00146181
0.00141810
0.00146095
0.00142095
0.00143060
0.00139109
0.00140473
0.00138852
0.00140536
0.00139798
0.00141685
0.00143201
0.00144186
0.00145011
0.00142777
0.00142299
0.00139778
0.00139217
0.00139936
0.00144915
0.00138597
0.00141290
0.00140210
0.00148609
0.00143502
0.00143103
0.00150333
0.00143970
0.00144403
0.00144072
0.00138844
0.00141739
0.00141411
0.00141670
0.00141468
0.00139576
0.00144113
0.00140450
0.00137212
0.00140290
0.00141080
0.00141033
0.00143429
0.00142410
0.00145164
0.00147227
0.00140808
0.00142104
0.00143545
0.00146220
0.00141586
0.00138016
0.00142264
0.00145021
0.00142281
0.00145503
0.00141623
0.00139900
0.00138451
0.00141765
0.00143705
0.00143947
0.00145073
0.00144162
0.00142117
0.00143236
0.00144627
0.00143426
0.00140100
0.00138300
0.00142729
0.00142634
0.00150560
0.00145441
0.00141113
0.00139821
0.00138833
0.00140120
0.00142986
0.00144621
0.00143460
0.00140842
0.00139501
0.00140993
0.00139316
0.00139059
0.00141539
0.00140028
0.00140988
0.00140276
0.00144853
0.00142767
0.00139093
0.00141624
0.00142852
0.00145169
0.00141129
0.00140346
0.00141664
0.00141407
0.00139610
0.00139684
0.00138730
0.00138655
0.00139471
0.00139620
0.00141043
0.00140386
0.00142414
0.00140332
0.00140405
0.00140228
0.00141214
0.00138572
0.00143197
0.00143565
0.00144529
0.00144778
0.00141888
0.00139751
0.00140075
0.00148523
0.00144553
0.00142196
0.00140302
0.00137748
0.00140385
0.00139097
0.00140470
0.00141800
0.00141523
0.00145918
0.00144034
0.00142481
0.00141992
0.00140927
0.00144674
0.00141404
0.00141445
0.00143507
0.00146197
0.00141480
0.00145279
0.00145475
0.00146590
0.00146356
0.00144224
0.00140037
0.00139890
0.00142762
0.00143759
0.00142444
0.00140566
0.00139658
0.00142088
0.00144752
0.00142162
0.00141688
0.00142913
0.00139013
0.00144099
0.00141376
0.00138282
0.00140164
0.00144868
0.00142931
0.00143720
0.00143063
0.00137929
0.00140111
0.00143565
0.00141469
0.00144033
0.00141264
0.00140229
0.00139213
0.00148391
0.00141231
0.00142585
0.00140724
0.00140262
0.00143976
0.00142392
0.00140991
0.00141139
0.00137573
0.00139229
0.00145318
0.00147158
0.00143255
0.00141564
0.00145608
0.00143267
0.00144094
0.00142201
0.00142917
0.00139920
0.00140128
0.00142500
0.00145953
0.00142859
0.00145343
0.00142132
0.00140742
0.00141265
0.00140008
0.00140550
0.00141699
0.00140551
0.00140131
0.00144058
0.00144173
0.00142995
0.00142385
0.00150198
0.00145475
0.00144822
0.00140705
0.00141425
0.00143219
0.00141600
0.00143468
0.00139484
0.00141111
0.00143439
0.00142890
0.00144098
0.00143407
0.00141955
0.00143407
0.00143587
0.00141582
0.00141560
0.00142979
0.00146731
0.00143007
0.00142326
0.00141962
0.00144566
0.00145848
0.00142870
0.00141678
0.00143476
0.00141501
0.00145099
0.00143227
0.00140940
0.00145542
0.00140961
0.00142543
0.00148314
0.00144693
0.00143091
0.00140683
0.00142574
0.00150105
0.00142377
0.00141208
0.00144956
0.00146324
0.00139884
0.00137420
0.00143075
0.00142811
0.00139235
0.00143832
0.00142614
0.00139614
0.00142427
0.00145396
0.00146251
0.00141726
0.00141231
0.00144365
0.00142014
0.00144136
0.00142905
0.00141883
0.00143446
0.00141369
0.00139082
0.00141719
0.00140877
0.00141744
0.00147533
0.00142978
0.00140174
0.00141925
0.00142668
0.00141786
0.00145166
0.00141409
0.00136664
0.00141446
0.00143976
0.00139802
0.00140970
0.00142148
0.00143312
0.00142521
0.00142237
0.00146030
0.00146178
0.00139673
0.00140816
0.00139319
0.00139378
0.00140402
0.00143946
0.00141171
0.00143444
0.00144029
0.00144183
0.00142110
0.00142474
0.00142544
0.00141200
0.00143883
0.00144034
0.00143744
0.00144453
0.00140809
0.00141208
0.00141909
0.00140682
0.00142058
0.00140318
0.00142803
0.00139325
0.00141779
0.00140343
0.00141641
0.00141789
0.00141682
0.00138178
0.00144723
0.00144217
0.00141855
0.00141758
0.00140318
0.00142741
0.00142241
0.00142218
0.00141434
0.00139726
0.00136261
0.00142781
0.00142183
0.00138246
0.00142900
0.00145658
0.00142778
0.00138833
0.00140896
0.00142827
0.00143144
0.00143403
0.00137301
0.00139822
0.00140100
0.00138779
0.00142748
0.00141751
0.00145150
0.00142394
0.00139987
0.00138981
0.00143316
0.00140289
0.00139214
0.00142573
0.00144286
0.00146201
0.00140727
0.00139848
0.00140859
0.00141059
0.00137932
0.00139279
0.00141395
0.00143083
0.00143754
0.00139016
0.00135713
0.00137413
0.00139655
0.00140388
0.00143884
0.00144526
0.00143311
0.00141677
0.00140956
0.00139209
0.00138697
0.00142846
0.00141887
0.00137127
0.00140238
0.00141652
0.00143174
0.00142988
0.00141693
0.00142126
0.00144192
0.00143443
0.00141998
0.00141883
0.00143519
0.00146451
0.00140602
0.00141578
0.00153718
0.00144494
0.00145756
0.00139769
0.00146122
0.00143221
0.00145075
0.00142718
0.00140729
0.00141448
0.00138174
0.00139895
0.00140649
0.00142041
0.00139772
0.00140734
0.00145433
0.00145746
0.00145092
0.00142890
0.00142015
0.00142804
0.00142320
0.00143646
0.00140271
0.00139345
0.00141196
0.00140922
0.00139689
0.00140582
0.00139013
0.00141410
0.00140312
0.00139008
0.00141611
0.00141794
0.00141037
0.00139587
0.00141579
0.00142271
0.00142484
0.00142432
0.00144112
0.00145110
0.00139928
0.00143306
0.00142817
0.00144780
0.00143297
0.00142436
0.00139718
0.00142720
0.00141466
0.00139396
0.00138958
0.00140803
0.00143293
0.00139101
0.00142377
0.00140090
0.00142581
0.00145614
0.00143217
0.00140871
0.00143647
0.00141710
0.00142553
0.00139055
0.00141710
0.00140976
0.00142617
0.00144302
0.00144076
0.00144284
0.00141527
0.00141906
0.00139704
0.00140444
0.00142441
0.00142616
0.00141147
0.00144225
0.00141611
0.00141956
0.00143351
0.00138462
0.00142096
0.00143550
0.00141053
0.00141122
0.00142614
0.00144640
0.00141982
0.00137351
0.00143495
0.00145506
0.00146198
0.00141802
0.00142160
0.00141478
0.00140488
0.00140076
0.00143172
0.00143345
0.00141569
0.00140614
0.00141355
0.00140759
0.00140148
0.00146627
0.00144688
0.00139825
0.00139056
0.00142730
0.00148812
0.00142618
0.00139105
0.00142928
0.00139929
0.00143558
0.00140736
0.00141145
0.00141900
0.00138283
0.00142100
0.00139081
0.00137332
0.00144020
0.00139509
0.00143887
0.00140000
0.00142273
0.00141966
0.00143080
0.00142177
0.00140159
0.00136476
0.00141950
0.00144207
0.00143963
0.00145133
0.00144110
0.00144150
0.00146004
0.00144784
0.00145062
0.00141476
0.00139415
0.00141678
0.00142938
0.00141709
0.00140625
0.00135597
0.00143803
0.00140197
0.00140744
0.00142873
0.00140843
0.00143869
0.00146139
0.00144294
0.00146247
0.00144133
0.00138332
0.00138337
0.00142324
0.00143590
0.00138851
0.00141383
0.00140878
0.00143698
0.00144194
0.00144752
0.00141545
0.00141089
0.00141813
0.00140125
0.00139898
0.00142365
0.00143384
0.00140137
0.00141952
0.00140547
0.00138193
0.00138953
0.00144422
0.00144862
0.00142874
0.00139732
0.00140167
0.00152666
0.00147221
0.00148031
0.00145638
0.00141758
0.00143060
0.00142453
0.00145998
0.00143932
0.00166928
0.00139654
0.00140873
0.00140506
0.00141458
0.00141922
0.00141899
0.00141572
0.00142668
0.00141823
0.00139538
0.00139536
0.00140824
0.00144316
0.00141457
0.00141305
0.00141708
0.00138347
0.00137186
0.00137768
0.00141273
0.00138902
0.00138330
0.00139572
0.00138196
0.00137014
0.00136990
0.00141812
0.00139198
0.00142374
0.00143145
0.00139408
0.00139475
0.00140925
0.00141316
0.00144399
0.00142842
0.00138172
0.00137514
0.00138952
0.00140898
0.00139338
0.00141141
0.00141249
0.00143502
0.00146897
0.00142948
0.00138109
0.00138806
0.00143033
0.00144818
0.00140194
0.00141307
0.00140248
0.00138020
0.00141001
0.00143319
0.00143688
0.00141933
0.00139344
0.00143032
0.00137798
0.00138478
0.00138326
0.00138981
0.00138092
0.00142226
0.00143876
0.00140806
0.00143982
0.00145477
0.00140882
0.00140297
0.00142471
0.00140263
0.00141430
0.00142533
0.00142622
0.00138599
0.00140956
0.00141096
0.00141131
0.00143819
0.00138874
0.00145135
0.00142351
0.00140954
0.00141372
0.00139970
0.00142029
0.00139301
0.00140095
0.00143775
0.00142457
0.00139383
0.00136833
0.00140393
0.00139031
0.00139444
0.00139197
0.00139352
0.00143118
0.00144827
0.00143130
0.00139489
0.00144887
0.00143525
0.00140300
0.00143630
0.00142711
0.00139443
0.00143039
0.00144010
0.00139171
0.00137981
0.00143473
0.00139844
0.00140212
0.00141552
0.00144912
0.00143638
0.00143782
0.00140185
0.00138567
0.00147886
0.00139591
0.00143600
0.00144973
0.00139141
0.00142654
0.00143088
0.00143252
0.00139504
0.00142204
0.00141521
0.00143325
0.00138148
0.00140807
0.00139638
0.00141161
0.00141420
0.00136828
0.00138664
0.00141033
0.00141435
0.00144400
0.00144828
0.00140366
0.00144138
0.00146389
0.00139094
0.00138059
0.00137953
0.00138547
0.00137810
0.00144040
0.00139044
0.00138658
0.00142642
0.00141781
0.00143908
0.00143443
0.00142764
0.00141956
0.00141936
0.00143088
0.00145473
0.00148667
0.00145416
0.00138510
0.00139163
0.00143620
0.00145183
0.00142123
0.00141442
0.00142326
0.00144546
0.00140233
0.00142449
0.00146659
0.00147467
0.00139245
0.00137342
0.00142183
0.00142478
0.00145833
0.00140398
0.00136851
0.00139776
0.00138392
0.00138283
0.00140366
0.00139967
0.00142184
0.00144191
0.00142625
0.00143406
0.00142151
0.00145415
0.00140807
0.00141004
0.00143002
0.00140603
0.00141989
0.00143012
0.00146402
0.00143949
0.00139615
0.00140852
0.00144733
0.00146617
0.00144415
0.00143771
0.00142245
0.00156500
0.00139119
0.00139549
0.00138958
0.00139000
0.00138392
0.00142113
0.00141186
0.00145321
0.00146053
0.00144928
0.00139176
0.00141621
0.00141404
0.00144190
0.00142867
0.00140131
0.00144187
0.00138524
0.00139254
0.00145223
0.00140467
0.00142865
0.00141352
0.00140257
0.00139116
0.00144365
0.00144397
0.00138995
0.00138209
0.00139855
0.00141737
0.00138317
0.00138932
0.00144063
0.00144099
0.00138588
0.00137600
0.00140204
0.00142713
0.00144588
0.00140998
0.00139901
0.00141336
0.00138306
0.00140044
0.00138967
0.00144157
0.00138474
0.00139338
0.00140465
0.00143276
0.00141407
0.00141619
0.00143422
0.00142468
0.00146359
0.00140151
0.00139394
0.00139868
0.00142685
0.00142634
0.00140414
0.00143164
0.00142315
0.00141680
0.00143307
0.00142174
0.00141865
0.00141780
0.00145036
0.00141203
0.00142913
0.00143749
0.00141082
0.00141517
0.00142785
0.00137774
0.00144279
0.00141676
0.00139936
0.00140692
0.00140029
0.00140282
0.00141385
0.00142590
0.00141371
0.00146584
0.00142731
0.00142734
0.00147667
0.00143410
0.00142394
0.00142165
0.00142683
0.00142297
0.00139986
0.00141051
0.00144613
0.00142648
0.00140814
0.00136046
0.00139232
0.00141695
0.00143341
0.00139455
0.00140082
0.00136482
0.00137516
0.00142466
0.00142616
0.00142151
0.00142256
0.00143187
0.00142863
0.00141321
0.00141902
0.00141415
0.00144875
0.00142396
0.00139129
0.00140675
0.00142411
0.00140967
0.00141517
0.00138058
0.00141727
0.00146002
0.00141909
0.00143902
0.00141655
0.00139646
0.00140401
0.00144055
0.00144468
0.00143556
0.00144493
0.00141990
0.00142482
0.00137484
0.00141479
0.00145528
0.00144346
0.00144989
0.00142491
0.00141774
0.00140128
0.00142866
0.00143759
0.00142008
0.00143070
0.00143966
0.00139147
0.00139573
0.00148050
0.00147798
0.00142660
0.00138564
0.00141800
0.00144113
0.00141738
0.00140878
0.00139632
0.00140437
0.00144142
0.00143178
0.00140477
0.00139831
0.00141726
0.00141257
0.00142233
0.00143971
0.00138185
0.00140541
0.00139588
0.00141704
0.00142578
0.00141250
0.00136498
0.00140809
0.00143497
0.00142123
0.00141921
0.00149069
0.00143534
0.00142805
0.00142099
0.00142710
0.00146139
0.00141330
0.00140893
0.00141735
0.00141011
0.00140861
0.00139136
0.00140499
0.00141270
0.00145294
0.00147391
0.00141399
0.00141556
0.00141328
0.00143078
0.00141342
0.00141515
0.00139718
0.00142682
0.00140819
0.00143261
0.00141202
0.00144127
0.00145019
0.00142592
0.00140129
0.00141690
0.00146274
0.00142096
0.00138132
0.00141137
0.00143807
0.00140872
0.00144033
0.00141781
0.00140400
0.00143666
0.00142334
0.00138230
0.00141590
0.00142436
0.00142676
0.00137491
0.00143523
0.00140742
0.00144002
0.00142988
0.00138012
0.00141924
0.00140727
0.00139705
0.00137973
0.00142338
0.00142100
0.00145973
0.00141930
0.00139318
0.00140931
0.00141930
0.00139516
0.00144829
0.00146625
0.00143365
0.00142222
0.00140168
0.00140906
0.00140178
0.00141348
0.00139531
0.00139997
0.00138209
0.00139358
0.00142379
0.00142291
0.00142735
0.00139071
0.00143197
0.00141891
0.00142882
0.00140246
0.00141165
0.00140790
0.00144970
0.00140501
0.00138793
0.00145455
0.00145046
0.00140104
0.00138111
0.00140210
0.00143174
0.00142211
0.00143389
0.00138235
0.00144523
0.00151027
0.00142647
0.00143055
0.00144086
0.00139925
0.00144086
0.00142528
0.00141255
0.00141385
0.00137777
0.00141900
0.00143020
0.00140055
0.00139363
0.00140391
0.00146419
0.00140381
0.00140653
0.00143762
0.00142244
0.00142184
0.00143233
0.00142946
0.00143413
0.00142356
0.00142757
0.00142676
0.00139878
0.00142449
0.00147091
0.00145544
0.00143045
0.00142900
0.00141351
0.00142750
0.00143996
0.00142261
0.00141039
0.00144777
0.00142836
0.00167784
0.00147826
0.00146270
0.00177609
0.00158904
0.00141672
0.00141123
0.00143091
0.00142972
0.00141236
0.00141815
0.00137946
0.00136957
0.00137658
0.00140162
0.00139541
0.00138456
0.00140553
0.00141212
0.00141132
0.00144096
0.00146275
0.00143170
0.00140694
0.00144227
0.00143517
0.00140597
0.00146028
0.00147587
0.00143964
0.00138548
0.00143051
0.00141287
0.00145873
0.00148450
0.00145318
0.00146036
0.00149024
0.00147561
0.00145424
0.00146500
0.00143726
0.00142832
0.00169076
0.00211744
0.00223971
0.00193896
0.00177887
0.00163547
0.00147079
0.00151666
0.00147839
0.00220692
0.00263749
0.00210194
0.00164620
0.00153409
0.00147062
0.00142931
0.00141428
0.00145333
0.00148794
0.00143370
0.00144640
0.00140689
0.00139360
0.00139447
0.00141956
0.00140208
0.00140256
0.00140088
0.00137586
0.00141627
0.00142642
0.00146544
0.00136445
0.00143701
0.00144565
0.00145321
0.00140997
0.00142629
0.00136038
0.00181273
0.00203609
0.00143697
0.00141313
0.00138080
0.00140780
0.00140185
0.00139594
0.00147622
0.00142937
0.00140587
0.00141752
0.00140674
0.00139225
0.00141548
0.00140307
0.00140200
0.00138564
0.00140207
0.00140936
0.00137071
0.00140969
0.00140642
0.00141001
0.00142877
0.00141721
0.00136461
0.00135421
0.00138234
0.00140692
0.00140613
0.00136779
0.00139657
0.00140361
0.00141127
0.00140424
0.00144080
0.00146434
0.00140760
0.00139677
0.00139774
0.00142169
0.00144046
0.00142968
0.00144686
0.00143295
0.00148102
0.00141299
0.00136251
0.00136854
0.00144360
0.00141104
0.00140756
0.00141309
0.00138853
0.00147442
0.00141545
0.00140664
0.00138407
0.00139521
0.00141691
0.00139052
0.00142690
0.00138883
0.00140701
0.00140378
0.00140408
0.00136991
0.00142877
0.00142114
0.00141799
0.00141079
0.00142222
0.00139288
0.00141944
0.00138754
0.00142255
0.00143760
0.00140598
0.00138966
0.00141209
0.00140195
0.00142533
0.00143846
0.00142126
0.00141141
0.00143760
0.00143502
0.00143217
0.00142752
0.00142854
0.00141382
0.00141455
0.00138545
0.00141168
0.00137863
0.00140241
0.00139703
0.00141286
0.00143271
0.00138989
0.00153083
0.00136002
0.00140720
0.00138002
0.00140355
0.00140528
0.00140441
0.00145088
0.00138310
0.00140891
0.00141262
0.00141989
0.00142318
0.00139501
0.00140546
0.00139709
0.00135468
0.00135440
0.00138300
0.00142431
0.00142350
0.00139788
0.00138459
0.00137764
0.00140026
0.00137581
0.00139092
0.00137360
0.00138880
0.00140450
0.00141482
0.00139865
0.00138821
0.00138046
0.00141272
0.00137093
0.00134109
0.00137996
0.00137253
0.00136307
0.00137260
0.00138302
0.00139514
0.00141642
0.00138717
0.00139319
0.00138879
0.00136482
0.00138606
0.00137742
0.00137052
0.00136820
0.00137819
0.00141863
0.00142439
0.00139882
0.00139570
0.00138034
0.00139893
0.00138350
0.00139730
0.00141113
0.00142637
0.00136882
0.00137188
0.00138048
0.00138567
0.00140070
0.00143077
0.00140683
0.00138896
0.00137257
0.00138605
0.00138578
0.00140970
0.00142167
0.00142524
0.00138985
0.00138426
0.00139738
0.00139756
0.00138580
0.00136664
0.00139913
0.00137293
0.00137114
0.00139311
0.00139635
0.00140498
0.00138111
0.00141951
0.00135026
0.00135929
0.00136855
0.00139135
0.00142773
0.00142100
0.00139968
0.00139999
0.00136490
0.00136522
0.00140767
0.00144970
0.00139884
0.00143363
0.00136374
0.00137743
0.00138351
0.00138144
0.00139067
0.00140799
0.00143170
0.00138052
0.00135809
0.00137075
0.00138650
0.00137321
0.00132366
0.00139008
0.00138751
0.00139639
0.00137400
0.00141175
0.00137733
0.00137164
0.00138441
0.00139090
0.00141135
0.00139268
0.00134756
0.00138941
0.00136618
0.00136501
0.00138436
0.00136733
0.00136816
0.00139219
0.00138602
0.00139586
0.00135362
0.00138461
0.00140361
0.00140321
0.00137834
0.00139503
0.00138828
0.00141169
0.00141500
0.00141258
0.00139762
0.00140117
0.00139705
0.00138635
0.00138375
0.00138954
0.00137175
0.00137765
0.00144297
0.00139654
0.00136576
0.00138603
0.00140267
0.00138861
0.00137232
0.00137562
0.00133865
0.00136690
0.00139035
0.00140692
0.00137834
0.00138226
0.00139721
0.00138069
0.00141147
0.00141645
0.00140134
0.00137365
0.00145860
0.00137755
0.00142380
0.00136792
0.00139568
0.00140585
0.00141345
0.00139009
0.00138742
0.00143771
0.00140364
0.00135608
0.00139274
0.00137994
0.00139210
0.00146415
0.00138980
0.00138360
0.00138924
0.00143293
0.00142537
0.00141161
0.00142863
0.00139124
0.00137077
0.00140006
0.00136929
0.00139191
0.00139747
0.00139705
0.00142392
0.00142048
0.00140442
0.00144375
0.00141170
0.00137424
0.00138040
0.00138798
0.00134212
0.00136284
0.00139483
0.00140218
0.00139357
0.00141799
0.00140979
0.00142815
0.00137169
0.00137574
0.00137637
0.00140133
0.00139587
0.00135065
0.00136419
0.00138556
0.00139736
0.00137896
0.00135507
0.00136982
0.00137770
0.00135863
0.00136535
0.00138817
0.00139768
0.00138839
0.00138212
0.00139231
0.00140636
0.00140194
0.00140188
0.00136384
0.00141038
0.00139217
0.00135458
0.00137599
0.00142636
0.00142569
0.00138348
0.00141381
0.00136627
0.00136132
0.00140062
0.00138099
0.00133945
0.00137931
0.00141842
0.00141903
0.00140996
0.00139037
0.00137210
0.00140953
0.00139757
0.00142472
0.00141289
0.00141809
0.00142133
0.00138502
0.00140120
0.00140778
0.00140285
0.00139043
0.00138162
0.00137456
0.00140755
0.00139406
0.00139803
0.00137209
0.00139252
0.00135987
0.00138801
0.00137617
0.00137953
0.00135895
0.00135584
0.00138314
0.00141983
0.00140795
0.00137007
0.00138762
0.00139753
0.00138605
0.00138639
0.00138674
0.00138991
0.00140481
0.00140248
0.00139956
0.00135920
0.00138186
0.00140137
0.00138979
0.00137728
0.00139033
0.00138355
0.00138143
0.00138796
0.00145088
0.00140125
0.00141042
0.00136135
0.00140087
0.00140668
0.00139164
0.00142783
0.00141912
0.00138864
0.00140804
0.00141425
0.00140329
0.00136504
0.00138795
0.00136777
0.00136147
0.00138473
0.00140872
0.00142700
0.00142324
0.00140534
0.00137073
0.00139133
0.00140057
0.00135461
0.00139479
0.00138297
0.00139435
0.00142859
0.00141348
0.00138426
0.00141325
0.00138479
0.00140301
0.00141246
0.00137725
0.00139268
0.00140098
0.00140697
0.00137084
0.00139662
0.00141023
0.00137765
0.00138189
0.00138578
0.00135922
0.00136298
0.00143449
0.00140087
0.00139943
0.00137538
0.00138564
0.00140735
0.00140615
0.00137469
0.00134704
0.00137194
0.00142677
0.00141948
0.00138279
0.00138721
0.00142856
0.00139129
0.00141003
0.00141109
0.00135867
0.00138414
0.00137319
0.00138959
0.00142237
0.00141359
0.00137249
0.00139910
0.00140197
0.00143134
0.00138181
0.00136461
0.00137216
0.00142375
0.00141388
0.00140601
0.00138768
0.00139274
0.00136666
0.00143344
0.00144777
0.00140420
0.00143722
0.00143824
0.00143215
0.00143606
0.00139881
0.00139172
0.00140136
0.00138445
0.00135662
0.00135773
0.00139363
0.00135890
0.00138259
0.00140638
0.00139003
0.00138196
0.00136421
0.00136092
0.00136200
0.00138083
0.00139825
0.00137858
0.00140120
0.00135369
0.00137276
0.00138290
0.00138905
0.00136858
0.00139848
0.00134163
0.00140020
0.00137671
0.00136634
0.00142274
0.00139046
0.00139905
0.00138084
0.00136975
0.00136930
0.00138405
0.00140610
0.00138909
0.00140495
0.00144015
0.00139236
0.00141173
0.00137915
0.00140953
0.00140275
0.00143662
0.00143728
0.00141353
0.00139847
0.00136381
0.00136999
0.00141745
0.00137369
0.00136058
0.00141788
0.00141431
0.00136964
0.00138110
0.00138698
0.00136577
0.00143795
0.00137928
0.00139946
0.00140858
0.00140617
0.00142237
0.00141779
0.00140969
0.00142951
0.00140501
0.00140680
0.00140001
0.00139729
0.00137785
0.00139287
0.00144361
0.00144013
0.00140586
0.00139106
0.00141630
0.00143201
0.00139214
0.00143076
0.00137725
0.00141869
0.00141409
0.00136816
0.00141081
0.00140201
0.00138302
0.00139614
0.00139375
0.00139416
0.00141803
0.00142428
0.00139421
0.00140237
0.00137236
0.00138798
0.00137143
0.00134824
0.00141145
0.00142325
0.00142760
0.00144696
0.00141421
0.00137028
0.00139287
0.00137753
0.00148379
0.00141746
0.00143405
0.00142701
0.00140141
0.00143204
0.00139168
0.00138383
0.00142121
0.00139650
0.00139646
0.00139432
0.00142287
0.00140905
0.00138422
0.00142196
0.00144729
0.00141172
0.00140754
0.00142068
0.00137601
0.00137692
0.00139322
0.00138327
0.00143559
0.00141441
0.00136896
0.00140023
0.00142794
0.00141756
0.00143241
0.00140851
0.00138225
0.00138789
0.00138943
0.00139769
0.00139535
0.00137744
0.00139595
0.00138418
0.00141883
0.00141835
0.00141817
0.00142329
0.00141665
0.00141467
0.00143247
0.00143651
0.00137589
0.00139448
0.00140870
0.00137499
0.00141546
0.00141635
0.00141551
0.00139419
0.00140964
0.00144961
0.00142790
0.00142345
0.00140735
0.00142462
0.00139978
0.00141549
0.00145472
0.00140035
0.00140200
0.00141469
0.00143533
0.00136574
0.00136831
0.00140843
0.00140131
0.00140018
0.00143302
0.00138596
0.00138484
0.00140799
0.00138871
0.00138446
0.00139792
0.00137616
0.00140431
0.00141658
0.00141801
0.00140964
0.00140216
0.00138511
0.00139736
0.00145693
0.00143191
0.00136365
0.00139028
0.00141924
0.00140255
0.00139685
0.00137063
0.00136844
0.00140056
0.00139931
0.00140399
0.00142780
0.00142217
0.00140814
0.00139577
0.00142007
0.00141280
0.00139857
0.00141833
0.00140138
0.00136158
0.00139507
0.00140828
0.00140074
0.00140504
0.00141381
0.00138198
0.00140457
0.00141502
0.00139291
0.00140489
0.00141343
0.00141213
0.00140333
0.00138945
0.00135187
0.00142170
0.00140174
0.00136579
0.00140372
0.00139287
0.00141079
0.00145884
0.00141571
0.00139034
0.00140252
0.00141186
0.00149042
0.00143450
0.00143602
0.00139057
0.00139746
0.00136907
0.00138125
0.00139810
0.00138745
0.00137297
0.00138819
0.00138943
0.00144682
0.00142784
0.00142217
0.00138846
0.00144685
0.00147035
0.00142808
0.00140053
0.00144079
0.00144369
0.00143902
0.00142173
0.00139978
0.00138241
0.00140542
0.00140538
0.00139507
0.00139765
0.00138765
0.00143126
0.00138876
0.00139216
0.00139096
0.00140279
0.00143815
0.00143776
0.00139595
0.00138948
0.00138864
0.00139517
0.00139857
0.00141363
0.00137237
0.00139581
0.00143777
0.00139650
0.00138061
0.00138123
0.00138284
0.00142608
0.00142082
0.00140236
0.00141306
0.00143108
0.00131278
0.00136971
0.00140251
0.00139442
0.00138709
0.00137420
0.00136973
0.00140527
0.00139071
0.00142304
0.00139654
0.00137156
0.00141457
0.00141312
0.00139552
0.00142087
0.00137753
0.00139026
0.00137350
0.00140049
0.00143231
0.00143328
0.00138327
0.00140692
0.00138448
0.00136399
0.00137005
0.00139826
0.00142869
0.00138872
0.00139995
0.00146354
0.00143176
0.00141800
0.00139839
0.00141683
0.00140240
0.00138068
0.00137687
0.00141104
0.00141727
0.00142770
0.00142272
0.00145693
0.00141693
0.00140165
0.00142174
0.00142159
0.00141802
0.00137612
0.00137423
0.00138245
0.00139198
0.00138768
0.00139114
0.00137459
0.00143629
0.00143013
0.00138971
0.00141213
0.00140410
0.00138585
0.00140889
0.00139732
0.00140699
0.00143485
0.00140664
0.00139439
0.00140217
0.00139796
0.00138721
0.00142854
0.00141121
0.00139426
0.00139511
0.00141054
0.00138871
0.00140854
0.00137321
0.00140805
0.00141671
0.00140867
0.00142976
0.00141243
0.00144285
0.00142297
0.00143125
0.00142330
0.00140567
0.00139537
0.00137791
0.00137266
0.00138334
0.00138648
0.00145357
0.00139363
0.00137959
0.00140353
0.00142064
0.00145236
0.00141121
0.00142453
0.00140415
0.00138146
0.00141311
0.00140438
0.00141649
0.00143322
0.00145103
0.00141131
0.00136851
0.00140359
0.00139501
0.00142729
0.00140757
0.00138872
0.00138031
0.00136257
0.00138550
0.00139296
0.00141475
0.00142545
0.00143206
0.00141551
0.00142290
0.00140386
0.00142598
0.00142504
0.00141226
0.00141870
0.00146288
0.00139500
0.00139045
0.00141563
0.00142736
0.00144563
0.00143509
0.00141600
0.00141526
0.00140463
0.00140132
0.00141870
0.00143425
0.00143274
0.00136823
0.00139144
0.00139573
0.00143841
0.00141189
0.00136782
0.00141393
0.00144025
0.00138101
0.00139328
0.00145867
0.00142605
0.00140327
0.00138589
0.00138618
0.00139432
0.00138834
0.00138178
0.00141390
0.00142540
0.00137075
0.00137324
0.00136564
0.00139487
0.00138888
0.00137767
0.00140930
0.00141674
0.00141773
0.00138653
0.00140065
0.00137313
0.00140468
0.00140328
0.00143869
0.00140336
0.00141303
0.00137434
0.00136156
0.00141786
0.00141263
0.00143012
0.00145396
0.00141256
0.00140250
0.00142112
0.00140125
0.00138579
0.00139784
0.00137179
0.00140334
0.00145180
0.00141108
0.00139224
0.00134972
0.00141591
0.00137603
0.00139116
0.00141069
0.00140212
0.00140463
0.00143159
0.00140176
0.00141209
0.00141788
0.00142170
0.00138366
0.00140107
0.00137576
0.00133880
0.00136648
0.00141959
0.00142133
0.00143503
0.00140869
0.00140420
0.00141031
0.00138090
0.00136823
0.00139059
0.00139154
0.00143436
0.00146865
0.00142081
0.00144009
0.00140623
0.00139202
0.00138040
0.00139043
0.00142228
0.00146682
0.00144713
0.00144206
0.00138811
0.00140745
0.00138930
0.00140246
0.00140958
0.00144766
0.00141656
0.00144809
0.00143697
0.00143367
0.00141887
0.00142208
0.00138650
0.00139241
0.00141394
0.00141480
0.00142184
0.00143173
0.00145071
0.00141377
0.00142930
0.00142890
0.00143311
0.00140862
0.00141898
0.00140338
0.00138682
0.00141135
0.00138651
0.00137656
0.00139058
0.00136512
0.00140575
0.00136970
0.00141473
0.00138119
0.00145697
0.00141959
0.00139479
0.00137431
0.00137904
0.00140517
0.00140800
0.00140593
0.00139380
0.00139110
0.00142341
0.00140176
0.00135039
0.00137671
0.00142928
0.00139102
0.00141997
0.00139606
0.00135155
0.00138734
0.00139925
0.00143315
0.00139461
0.00138310
0.00139627
0.00140054
0.00140991
0.00137002
0.00139904
0.00144506
0.00146915
0.00144361
0.00147824
0.00147893
0.00145399
0.00143533
0.00142625
0.00141438
0.00144433
0.00141614
0.00139430
0.00138726
0.00136857
0.00142063
0.00144835
0.00140435
0.00140875
0.00138388
0.00143452
0.00143671
0.00144637
0.00145817
0.00141944
0.00142652
0.00145622
0.00142317
0.00139872
0.00140514
0.00138167
0.00138318
0.00135121
0.00139988
0.00141925
0.00139693
0.00141622
0.00141225
0.00139321
0.00139109
0.00138085
0.00140771
0.00142298
0.00140400
0.00137985
0.00141791
0.00139601
0.00135852
0.00140664
0.00139572
0.00138205
0.00137260
0.00138898
0.00135868
0.00141433
0.00140896
0.00142656
0.00138465
0.00138267
0.00141493
0.00139558
0.00136656
0.00139889
0.00133943
0.00138082
0.00141411
0.00137713
0.00139841
0.00143802
0.00134673
0.00138588
0.00142201
0.00139580
0.00139507
0.00140226
0.00140461
0.00137592
0.00139059
0.00136770
0.00142054
0.00141664
0.00143251
0.00139635
0.00139010
0.00142251
0.00139985
0.00147141
0.00140958
0.00139348
0.00137336
0.00140091
0.00155807
0.00141975
0.00142762
0.00139930
0.00144156
0.00143395
0.00143676
0.00141421
0.00144176
0.00146254
0.00140147
0.00140455
0.00143304
0.00143123
0.00141295
0.00138608
0.00139493
0.00142937
0.00164736
0.00141603
0.00138735
0.00140415
0.00142079
0.00140382
0.00142006
0.00146489
0.00144804
0.00142153
0.00138763
0.00160189
0.00142395
0.00141336
0.00140429
0.00143328
0.00140090
0.00142742
0.00142192
0.00140691
0.00149409
0.00141286
0.00141170
0.00144878
0.00144044
0.00142843
0.00138946
0.00294254
0.00345453
0.00139929
0.00141558
0.00146433
0.00145912
0.00143767
0.00142700
0.00144777
0.00144849
0.00143882
0.00144066
0.00142301
0.00142840
0.00141608
0.00190321
0.00209096
0.00139861
0.00141980
0.00139766
0.00139104
0.00147103
0.00145069
0.00142441
0.00138149
0.00134055
0.00141485
0.00137309
0.00138997
0.00141495
0.00140601
0.00138472
0.00140359
0.00138015
0.00139075
0.00136671
0.00139523
0.00137981
0.00135834
0.00139515
0.00137977
0.00140976
0.00303169
0.00358272
0.00136984
0.00138699
0.00140596
0.00139347
0.00137491
0.00141641
0.00141988
0.00140274
0.00140496
0.00146065
0.00139582
0.00142688
0.00141196
0.00141600
0.00149168
0.00147237
0.00140316
0.00144296
0.00145232
0.00144492
0.00144564
0.00139041
0.00142511
0.00144930
0.00143054
0.00145541
0.00141005
0.00141586
0.00139306
0.00141739
0.00145074
0.00149844
0.00156399
0.00147921
0.00147209
0.00146226
0.00156903
0.00150420
0.00146215
0.00144276
0.00302020
0.00366465
0.00140704
0.00148332
0.00146813
0.00141489
0.00144535
0.00146057
0.00145857
0.00148624
0.00145269
0.00143810
0.00143371
0.00143851
0.00142840
0.00139594
0.00144097
0.00200967
0.00216588
0.00144749
0.00141789
0.00143739
0.00143465
0.00147105
0.00139940
0.00141189
0.00142893
0.00143342
0.00139465
0.00142309
0.00144580
0.00137822
0.00137929
0.00139512
0.00137518
0.00142416
0.00142491
0.00144484
0.00143271
0.00137500
0.00143516
0.00139111
0.00140309
0.00140531
0.00141194
0.00140420
0.00144235
0.00144933
0.00138007
0.00140330
0.00142857
0.00140483
0.00143432
0.00139485
0.00140879
0.00143161
0.00138663
0.00141757
0.00142320
0.00143576
0.00141881
0.00142526
0.00140777
0.00141466
0.00144436
0.00142716
0.00140755
0.00138650
0.00140183
0.00141211
0.00136891
0.00140400
0.00142669
0.00142100
0.00146438
0.00145861
0.00145654
0.00140199
0.00146019
0.00142543
0.00144291
0.00145345
0.00147870
0.00147111
0.00143275
0.00147024
0.00144526
0.00144172
0.00144706
0.00140394
0.00143433
0.00141635
0.00140224
0.00142436
0.00142505
0.00141253
0.00139320
0.00142558
0.00144155
0.00142213
0.00142997
0.00142146
0.00148351
0.00141631
0.00144050
0.00145184
0.00143325
0.00141778
0.00146388
0.00146180
0.00138975
0.00139558
0.00142144
0.00136742
0.00140244
0.00141427
0.00142062
0.00144787
0.00174411
0.00189766
0.00186030
0.00177704
0.00154206
0.00144844
0.00152354
0.00155110
0.00152371
0.00155000
0.00161388
0.00160870
0.00169017
0.00165681
0.00154188
0.00151671
0.00146879
0.00158084
0.00151610
0.00147422
0.00156653
0.00155981
0.00165690
0.00169143
0.00169892
0.00179412
0.00165448
0.00152882
0.00153945
0.00141451
0.00144970
0.00150943
0.00153944
0.00156815
0.00151741
0.00146756
0.00146210
0.00145531
0.00161964
0.00177497
0.00181865
0.00166057
0.00144998
0.00144881
0.00152337
0.00166056
0.00176266
0.00164165
0.00145933
0.00149431
0.00146325
0.00143497
0.00140560
0.00142345
0.00143748
0.00146703
0.00143254
0.00141067
0.00140055
0.00141307
0.00140339
0.00141636
0.00138318
0.00138299
0.00139804
0.00144072
0.00141263
0.00142211
0.00143838
0.00141288
0.00142636
0.00136122
0.00139198
0.00141011
0.00140743
0.00141125
0.00139707
0.00137297
0.00139226
0.00141022
0.00138960
0.00139799
0.00139158
0.00142502
0.00140461
0.00140457
0.00141989
0.00141098
0.00139561
0.00139854
0.00141131
0.00142806
0.00146175
0.00143545
0.00138683
0.00141542
0.00141364
0.00139177
0.00139545
0.00138091
0.00142490
0.00141371
0.00140068
0.00143377
0.00141411
0.00143222
0.00144240
0.00145317
0.00145329
0.00148820
0.00146852
0.00146086
0.00143122
0.00145260
0.00204683
0.00233480
0.00144085
0.00140015
0.00144421
0.00143895
0.00147717
0.00149032
0.00146439
0.00142416
0.00144681
0.00142050
0.00136949
0.00138176
0.00147501
0.00141306
0.00141909
0.00147761
0.00142818
0.00140162
0.00138498
0.00141586
0.00144020
0.00144848
0.00143514
0.00138515
0.00140627
0.00143671
0.00141641
0.00144150
0.00138453
0.00139092
0.00140911
0.00143599
0.00144160
0.00151331
0.00138042
0.00137012
0.00138869
0.00143763
0.00143683
0.00145012
0.00145126
0.00141141
0.00146053
0.00139510
0.00140998
0.00143518
0.00143303
0.00140957
0.00140574
0.00144066
0.00144590
0.00141713
0.00136499
0.00141977
0.00140464
0.00140597
0.00143158
0.00147875
0.00144539
0.00141420
0.00140246
0.00145141
0.00141637
0.00143463
0.00139672
0.00144668
0.00141591
0.00143373
0.00138676
0.00140828
0.00143047
0.00143079
0.00140994
0.00140326
0.00140478
0.00141263
0.00141231
0.00137569
0.00138040
0.00139581
0.00142222
0.00143441
0.00143917
0.00141208
0.00140972
0.00140961
0.00144411
0.00143353
0.00139987
0.00140120
0.00146507
0.00144802
0.00140297
0.00139177
0.00140959
0.00143100
0.00141091
0.00140937
0.00143116
0.00145143
0.00139344
0.00143138
0.00139212
0.00142047
0.00141110
0.00144377
0.00141164
0.00137394
0.00138001
0.00142916
0.00142715
0.00138045
0.00135351
0.00137883
0.00138361
0.00140258
0.00138798
0.00143570
0.00144807
0.00141249
0.00140748
0.00143158
0.00143280
0.00141149
0.00137451
0.00136906
0.00137460
0.00138005
0.00140663
0.00139741
0.00141341
0.00138391
0.00137864
0.00145289
0.00141383
0.00136521
0.00139014
0.00143073
0.00141631
0.00145026
0.00139391
0.00137604
0.00140132
0.00150340
0.00144697
0.00141015
0.00140287
0.00137309
0.00137090
0.00139177
0.00138549
0.00141745
0.00139702
0.00138824
0.00136530
0.00141735
0.00144106
0.00137137
0.00141537
0.00143143
0.00142010
0.00140276
0.00141863
0.00142370
0.00142250
0.00143155
0.00142975
0.00139915
0.00138273
0.00137571
0.00134365
0.00139866
0.00141520
0.00144339
0.00146588
0.00142060
0.00141705
0.00142086
0.00140405
0.00136929
0.00139747
0.00138815
0.00143380
0.00145168
0.00137528
0.00139957
0.00141996
0.00144497
0.00145257
0.00140948
0.00139392
0.00141199
0.00148300
0.00142328
0.00137812
0.00139689
0.00140188
0.00139054
0.00139476
0.00141525
0.00142034
0.00144435
0.00138076
0.00142337
0.00145627
0.00140746
0.00139626
0.00143609
0.00139855
0.00140080
0.00138285
0.00139021
0.00139303
0.00137234
0.00137848
0.00140656
0.00142106
0.00141988
0.00141183
0.00141097
0.00139374
0.00138013
0.00140700
0.00135067
0.00140129
0.00144352
0.00142790
0.00142318
0.00142231
0.00139234
0.00138581
0.00141149
0.00139499
0.00144350
0.00139846
0.00138365
0.00138046
0.00137177
0.00139610
0.00140215
0.00141968
0.00139576
0.00138524
0.00141920
0.00141932
0.00139946
0.00140719
0.00144195
0.00139357
0.00141611
0.00140043
0.00138394
0.00139002
0.00138273
0.00137493
0.00137749
0.00141510
0.00142707
0.00140348
0.00137882
0.00140163
0.00145418
0.00143015
0.00139457
0.00138987
0.00138770
0.00136882
0.00137389
0.00139763
0.00142608
0.00143930
0.00136990
0.00137926
0.00139685
0.00142717
0.00140675
0.00143466
0.00139510
0.00143956
0.00143264
0.00140602
0.00137087
0.00140258
0.00143007
0.00139975
0.00139917
0.00139738
0.00139836
0.00139043
0.00141176
0.00138691
0.00145630
0.00139918
0.00140389
0.00142024
0.00142339
0.00140954
0.00141734
0.00150541
0.00410895
0.00346006
0.00248514
0.00222994
0.00213975
0.00187504
0.00183786
0.00170009
0.00160173
0.00185081
0.00174443
0.00167602
0.00151768
0.00154818
0.00150873
0.00157511
0.00159741
0.00143552
0.00162038
0.00214130
0.00180743
0.00167484
0.00157347
0.00164387
0.00161890
0.00165950
0.00178027
0.00185974
0.00193048
0.00165245
0.00158814
0.00169891
0.00205151
0.00232163
0.00362197
0.00419280
0.00402340
0.00293121
0.00271774
0.00276083
0.00244701
0.00201037
0.00185178
0.00184339
0.00195547
0.00168480
0.00173066
0.00155771
0.00232502
0.00360879
0.00180750
0.00171816
0.00280406
0.00205551
0.00195622
0.00180833
0.00174734
0.00346595
0.00390002
0.00217471
0.00290022
0.00297914
0.00196915
0.00226366
0.00215898
0.00232107
0.00269036
0.00233087
0.00192056
0.00183291
0.00218189
0.00162333
0.00162816
0.00155306
0.00155653
0.00156025
0.00163133
0.00171175
0.00232941
0.00364485
0.00292069
0.00185245
0.00223880
0.00234777
0.00256075
0.00245243
0.00194324
0.00202251
0.00205933
0.00239536
0.00248974
0.00225640
0.00192933
0.00202099
0.00175816
0.00183506
0.00204824
0.00184314
0.00176410
0.00188110
0.00169311
0.00152620
0.00153133
0.00154356
0.00149120
0.00148696
0.00141811
0.00151981
0.00152429
0.00154612
0.00161828
0.00203593
0.00264959
0.00244656
0.00212944
0.00177184
0.00184410
0.00198324
0.00160825
0.00187151
0.00169606
0.00148895
0.00173574
0.00201510
0.00204930
0.00216384
0.00186782
0.00227371
0.00266824
0.00183755
0.00238529
0.00216055
0.00209882
0.00168127
0.00154185
0.00157789
0.00153874
0.00158498
0.00151574
0.00140172
0.00142661
0.00143264
0.00145926
0.00147272
0.00155394
0.00151567
0.00142367
0.00137350
0.00138637
0.00139679
0.00140546
0.00136611
0.00139380
0.00144528
0.00144136
0.00145412
0.00194288
0.00222449
0.00145161
0.00145798
0.00140420
0.00151054
0.00144906
0.00139924
0.00140858
0.00145152
0.00143507
0.00142186
0.00142195
0.00143332
0.00141437
0.00143098
0.00142157
0.00138267
0.00145465
0.00145660
0.00137708
0.00139962
0.00148451
0.00149008
0.00139991
0.00139352
0.00141821
0.00143909
0.00147153
0.00142732
0.00144663
0.00143778
0.00146963
0.00140344
0.00141367
0.00141386
0.00139069
0.00147824
0.00145012
0.00142414
0.00148006
0.00143075
0.00144837
0.00143001
0.00144835
0.00142852
0.00147802
0.00147570
0.00143547
0.00141630
0.00145099
0.00156597
0.00140274
0.00143775
0.00142687
0.00143547
0.00141245
0.00142911
0.00144978
0.00143110
0.00141763
0.00141305
0.00139021
0.00142064
0.00140669
0.00141423
0.00145286
0.00139652
0.00142271
0.00145277
0.00142245
0.00143167
0.00142868
0.00140764
0.00144733
0.00140286
0.00145215
0.00142619
0.00141057
0.00138483
0.00138336
0.00141404
0.00143553
0.00142577
0.00140220
0.00140496
0.00140033
0.00138445
0.00137740
0.00139929
0.00138118
0.00141736
0.00145939
0.00141846
0.00139845
0.00139085
0.00141992
0.00141796
0.00149519
0.00154738
0.00153988
0.00140618
0.00144236
0.00140155
0.00144169
0.00142599
0.00141299
0.00144219
0.00143023
0.00143020
0.00143857
0.00139915
0.00140390
0.00142570
0.00142647
0.00141546
0.00144156
0.00140689
0.00142402
0.00141925
0.00143462
0.00145369
0.00143273
0.00140567
0.00142072
0.00140920
0.00137003
0.00138419
0.00142302
0.00140160
0.00139616
0.00141746
0.00137424
0.00141491
0.00142915
0.00138141
0.00144116
0.00142411
0.00141176
0.00143345
0.00144578
0.00146086
0.00141098
0.00145636
0.00139409
0.00142568
0.00143121
0.00140480
0.00139356
0.00135894
0.00141299
0.00140551
0.00142626
0.00141434
0.00139120
0.00142073
0.00140514
0.00141979
0.00144581
0.00142159
0.00139996
0.00144462
0.00142929
0.00143136
0.00142483
0.00147431
0.00142045
0.00141363
0.00141654
0.00140010
0.00141312
0.00140704
0.00137618
0.00139434
0.00138767
0.00138586
0.00142181
0.00139920
0.00141326
0.00145545
0.00141219
0.00140394
0.00138830
0.00138471
0.00144123
0.00140952
0.00138487
0.00140647
0.00142719
0.00143856
0.00142467
0.00143018
0.00138945
0.00137554
0.00139668
0.00141923
0.00140064
0.00140956
0.00140662
0.00139507
0.00139033
0.00143926
0.00149959
0.00142910
0.00140912
0.00139406
0.00139551
0.00137090
0.00137734
0.00137639
0.00141693
0.00145232
0.00140398
0.00143048
0.00140377
0.00140885
0.00139198
0.00138817
0.00143049
0.00140174
0.00147472
0.00144134
0.00139380
0.00138515
0.00142940
0.00142102
0.00142133
0.00140806
0.00145112
0.00146999
0.00141805
0.00143844
0.00138602
0.00140474
0.00151336
0.00163329
0.00136581
0.00138664
0.00137504
0.00141385
0.00137108
0.00136181
0.00137541
0.00137270
0.00138389
0.00139989
0.00137990
0.00140479
0.00140256
0.00139256
0.00144080
0.00137031
0.00139880
0.00139170
0.00142306
0.00141246
0.00138563
0.00138179
0.00139207
0.00141647
0.00140412
0.00143762
0.00142288
0.00142394
0.00144697
0.00139579
0.00140303
0.00143825
0.00141967
0.00143427
0.00143903
0.00140068
0.00142714
0.00144211
0.00143905
0.00142190
0.00139763
0.00142514
0.00142010
0.00137119
0.00136073
0.00139268
0.00139303
0.00138181
0.00137939
0.00135938
0.00139254
0.00139465
0.00137449
0.00137352
0.00140079
0.00140692
0.00139617
0.00141662
0.00136460
0.00141232
0.00137999
0.00139811
0.00136018
0.00141842
0.00137433
0.00138291
0.00138502
0.00142113
0.00144751
0.00141658
0.00141697
0.00137410
0.00141085
0.00144368
0.00140976
0.00139019
0.00143182
0.00139542
0.00140958
0.00140939
0.00138664
0.00139867
0.00141386
0.00144397
0.00138633
0.00139662
0.00138805
0.00136379
0.00140015
0.00143721
0.00139808
0.00140751
0.00142596
0.00143007
0.00140875
0.00140864
0.00138126
0.00141173
0.00138840
0.00143025
0.00141857
0.00138814
0.00138147
0.00140018
0.00141702
0.00142962
0.00142648
0.00140047
0.00140723
0.00139187
0.00139115
0.00138435
0.00141277
0.00139092
0.00141485
0.00145172
0.00143113
0.00140613
0.00141157
0.00140769
0.00142232
0.00140212
0.00140796
0.00135814
0.00136885
0.00135660
0.00140207
0.00140014
0.00142363
0.00138923
0.00140318
0.00138547
0.00138719
0.00138291
0.00140651
0.00139660
0.00138570
0.00135423
0.00134487
0.00139140
0.00137726
0.00137692
0.00141013
0.00141982
0.00141120
0.00135189
0.00139241
0.00139224
0.00138378
0.00140194
0.00141889
0.00140017
0.00140207
0.00142374
0.00141832
0.00140306
0.00140995
0.00139187
0.00141403
0.00140816
0.00135346
0.00138828
0.00140506
0.00137065
0.00136596
0.00142185
0.00139624
0.00136897
0.00139804
0.00140512
0.00140367
0.00140375
0.00139112
0.00138772
0.00138457
0.00143034
0.00141753
0.00140127
0.00142466
0.00142047
0.00140510
0.00141970
0.00144483
0.00144737
0.00140522
0.00139811
0.00139670
0.00142832
0.00142578
0.00140710
0.00139136
0.00140476
0.00135541
0.00141881
0.00144062
0.00141160
0.00138687
0.00138099
0.00139819
0.00143834
0.00142175
0.00139959
0.00142446
0.00145530
0.00137269
0.00140270
0.00138816
0.00140459
0.00139154
0.00141839
0.00138775
0.00142018
0.00140051
0.00138245
0.00139612
0.00145543
0.00142831
0.00138809
0.00140471
0.00145914
0.00143911
0.00141613
0.00140070
0.00139303
0.00143020
0.00139848
0.00139972
0.00142730
0.00144101
0.00138991
0.00138365
0.00139291
0.00141984
0.00142645
0.00142731
0.00143277
0.00143009
0.00142304
0.00141795
0.00145120
0.00142869
0.00141221
0.00137268
0.00140397
0.00140654
0.00139561
0.00142225
0.00143176
0.00138133
0.00140136
0.00142179
0.00138238
0.00142664
0.00138604
0.00140962
0.00139037
0.00141881
0.00141845
0.00140175
0.00138962
0.00137763
0.00139965
0.00140822
0.00142403
0.00141750
0.00148129
0.00142798
0.00137360
0.00141767
0.00141117
0.00140653
0.00143159
0.00142137
0.00139312
0.00140261
0.00139020
0.00138372
0.00136254
0.00140400
0.00139759
0.00139274
0.00143022
0.00145548
0.00144327
0.00142977
0.00140839
0.00142446
0.00139888
0.00139175
0.00140701
0.00142041
0.00142532
0.00144695
0.00143459
0.00141036
0.00137165
0.00141277
0.00138834
0.00142139
0.00139768
0.00141705
0.00139214
0.00144134
0.00139540
0.00138554
0.00143233
0.00140872
0.00142634
0.00143251
0.00139997
0.00144064
0.00141393
0.00142047
0.00139970
0.00145189
0.00146395
0.00140751
0.00139816
0.00140673
0.00138273
0.00141980
0.00136979
0.00137288
0.00142155
0.00142355
0.00142864
0.00140165
0.00139593
0.00139146
0.00138071
0.00139665
0.00143339
0.00140863
0.00143516
0.00143922
0.00141464
0.00141661
0.00141327
0.00140364
0.00140175
0.00140130
0.00139934
0.00139345
0.00142567
0.00137607
0.00142131
0.00140804
0.00140053
0.00138817
0.00139343
0.00144842
0.00138247
0.00138113
0.00136838
0.00139398
0.00140805
0.00139309
0.00136930
0.00140043
0.00141024
0.00139677
0.00139505
0.00138575
0.00143385
0.00143679
0.00141357
0.00142697
0.00141895
0.00144812
0.00138277
0.00139224
0.00141411
0.00141262
0.00142039
0.00142540
0.00139649
0.00138962
0.00139036
0.00139508
0.00137068
0.00140039
0.00143270
0.00144825
0.00138587
0.00136187
0.00139423
0.00147230
0.00143083
0.00142497
0.00141635
0.00143497
0.00143502
0.00145001
0.00142728
0.00141582
0.00141875
0.00137791
0.00142762
0.00143441
0.00141497
0.00138647
0.00139005
0.00136780
0.00138822
0.00141056
0.00135851
0.00139354
0.00137502
0.00139837
0.00140833
0.00146420
0.00142579
0.00139810
0.00143910
0.00142556
0.00141342
0.00138844
0.00142095
0.00142271
0.00138510
0.00140470
0.00143849
0.00138661
0.00139490
0.00144492
0.00142770
0.00145066
0.00139679
0.00141141
0.00142518
0.00145722
0.00143302
0.00142605
0.00141130
0.00141686
0.00141759
0.00140628
0.00143156
0.00138812
0.00146781
0.00146534
0.00143299
0.00142214
0.00141638
0.00140049
0.00142296
0.00142850
0.00145782
0.00141833
0.00141338
0.00143446
0.00147609
0.00149712
0.00141831
0.00137395
0.00139124
0.00139607
0.00138079
0.00140627
0.00140443
0.00140968
0.00135595
0.00138637
0.00142261
0.00139044
0.00142722
0.00140501
0.00139928
0.00141611
0.00143456
0.00138210
0.00142163
0.00140596
0.00136575
0.00135544
0.00139703
0.00143045
0.00143456
0.00142399
0.00141200
0.00139209
0.00140328
0.00144475
0.00145490
0.00146147
0.00142215
0.00139349
0.00140794
0.00138937
0.00140791
0.00141275
0.00141629
0.00140657
0.00138653
0.00136348
0.00141511
0.00140926
0.00139861
0.00143732
0.00141938
0.00138978
0.00140575
0.00139894
0.00136164
0.00135716
0.00140198
0.00140740
0.00139108
0.00138866
0.00139268
0.00140299
0.00142323
0.00140789
0.00137855
0.00138255
0.00139870
0.00139668
0.00140778
0.00138117
0.00139700
0.00139517
0.00141498
0.00142819
0.00139650
0.00141502
0.00136262
0.00140434
0.00138826
0.00139562
0.00141072
0.00142458
0.00139848
0.00139609
0.00140394
0.00142336
0.00142801
0.00141330
0.00138313
0.00136057
0.00137402
0.00135236
0.00141588
0.00140307
0.00141434
0.00137706
0.00135334
0.00141197
0.00139767
0.00135942
0.00141845
0.00146185
0.00141572
0.00139610
0.00140897
0.00141461
0.00139370
0.00137148
0.00141973
0.00139558
0.00140714
0.00141179
0.00141489
0.00146008
0.00143379
0.00139322
0.00143161
0.00140685
0.00144046
0.00139646
0.00137787
0.00142860
0.00142782
0.00144486
0.00142274
0.00139196
0.00143135
0.00138647
0.00152740
0.00143882
0.00140116
0.00142821
0.00141390
0.00137233
0.00138985
0.00144350
0.00143707
0.00141642
0.00139909
0.00142802
0.00142195
0.00139207
0.00141468
0.00138261
0.00141091
0.00145108
0.00139937
0.00139987
0.00141421
0.00138241
0.00140473
0.00139323
0.00138588
0.00143133
0.00142294
0.00139818
0.00141764
0.00139805
0.00140398
0.00143185
0.00141582
0.00140563
0.00140849
0.00140204
0.00143461
0.00141869
0.00138926
0.00136595
0.00138761
0.00142738
0.00140713
0.00142238
0.00142212
0.00144080
0.00141735
0.00137982
0.00140328
0.00137681
0.00138735
0.00136624
0.00138674
0.00141191
0.00142467
0.00140409
0.00143086
0.00139823
0.00143132
0.00139792
0.00142084
0.00146122
0.00144582
0.00140299
0.00140163
0.00138635
0.00141535
0.00140216
0.00142696
0.00140091
0.00139464
0.00139295
0.00141005
0.00138551
0.00138339
0.00137202
0.00141620
0.00140723
0.00140613
0.00139960
0.00140035
0.00137648
0.00141151
0.00145923
0.00142192
0.00144057
0.00142999
0.00138051
0.00137592
0.00139049
0.00136068
0.00140858
0.00138870
0.00140370
0.00365350
0.00369772
0.00139076
0.00143178
0.00143954
0.00145021
0.02464680
0.02468839
0.00138178
0.00137376
0.00134566
0.00139440
0.00140051
0.00137370
0.00137394
0.00142645
0.00134954
0.00136166
0.00139191
0.00136842
0.00138140
0.00144743
0.00140204
0.00138090
0.00140439
0.00144222
0.00144501
0.00141628
0.00138207
0.00142682
0.00139717
0.00142752
0.00144287
0.00142067
0.00138765
0.00139033
0.00143287
0.00141052
0.00138055
0.00138209
0.00139004
0.00144717
0.00143797
0.00139660
0.00140339
0.00141569
0.00140201
0.00138364
0.00138291
0.00145629
0.00139240
0.00140847
0.00141595
0.00140088
0.00140011
0.00140854
0.00141734
0.00138605
0.00141539
0.00138241
0.00136008
0.00137303
0.00135922
0.00138441
0.00139119
0.00140452
0.00140114
0.00140895
0.00139369
0.00140320
0.00141853
0.00138759
0.00144253
0.00143317
0.00139099
0.00142451
0.00143936
0.00137400
0.00139998
0.00138773
0.00145236
0.00142509
0.00141107
0.00142690
0.00139769
0.00142305
0.00139581
0.00139131
0.00135971
0.00136013
0.00139933
0.00143669
0.00145377
0.00140881
0.00141865
0.00140799
0.00140075
0.00141422
0.00140923
0.00141467
0.00138107
0.00136765
0.00135809
0.00139273
0.00139357
0.00138435
0.00138810
0.00138518
0.00142449
0.00137448
0.00137495
0.00142752
0.00141862
0.00140212
0.00137660
0.00138595
0.00140372
0.00140352
0.00139764
0.00140739
0.00141470
0.00143189
0.00144001
0.00138955
0.00141319
0.00141112
0.00139454
0.00139617
0.00141164
0.00139859
0.00137032
0.00136175
0.00141771
0.00135311
0.00150404
0.00143230
0.00136418
0.00142964
0.00139152
0.00141929
0.00138590
0.00144891
0.00138305
0.00140015
0.00138225
0.00137124
0.00140902
0.00142232
0.00140507
0.00140919
0.00138274
0.00137246
0.00142221
0.00139998
0.00142090
0.00143659
0.00137244
0.00136588
0.00138300
0.00143974
0.00137154
0.00137851
0.00140159
0.00140096
0.00140765
0.00143280
0.00142655
0.00142446
0.00138848
0.00142258
0.00141821
0.00142048
0.00140036
0.00139442
0.00136957
0.00137985
0.00140338
0.00134533
0.00136349
0.00141317
0.00141175
0.00144622
0.00143764
0.00140644
0.00141716
0.00139114
0.00140807
0.00141532
0.00136633
0.00139433
0.00140950
0.00141475
0.00140177
0.00142257
0.00138229
0.00139166
0.00141936
0.00139988
0.00143719
0.00144034
0.00142229
0.00142621
0.00142934
0.00140665
0.00138078
0.00141865
0.00144152
0.00141320
0.00141795
0.00141023
0.00142361
0.00144730
0.00142160
0.00144146
0.00144146
0.00143033
0.00145547
0.00140588
0.00142060
0.00143264
0.00143429
0.00138140
0.00138877
0.00144904
0.00144007
0.00139983
0.00136773
0.00139490
0.00139358
0.00140750
0.00139282
0.00142028
0.00141941
0.00141064
0.00140591
0.00142058
0.00141634
0.00137336
0.00139332
0.00142817
0.00143314
0.00142359
0.00140508
0.00139347
0.00141311
0.00141101
0.00141972
0.00143002
0.00140280
0.00140234
0.00139926
0.00140410
0.00138230
0.00137779
0.00140446
0.00143262
0.00141261
0.00142451
0.00142326
0.00144346
0.00138952
0.00142381
0.00142044
0.00140379
0.00139231
0.00138880
0.00138970
0.00138141
0.00140148
0.00138013
0.00144366
0.00142685
0.00139254
0.00139125
0.00143283
0.00138376
0.00140302
0.00143098
0.00139082
0.00140325
0.00139102
0.00137875
0.00143293
0.00144809
0.00139376
0.00141666
0.00143106
0.00139812
0.00137772
0.00141350
0.00147357
0.00142732
0.00138420
0.00142744
0.00141876
0.00142764
0.00144930
0.00140376
0.00142895
0.00139007
0.00136366
0.00137835
0.00145927
0.00146608
0.00143796
0.00145247
0.00141565
0.00141209
0.00144419
0.00138255
0.00135670
0.00141031
0.00136907
0.00135742
0.00141528
0.00139168
0.00139943
0.00143520
0.00145554
0.00140524
0.00139510
0.00142763
0.00139757
0.00141053
0.00141503
0.00140657
0.00142797
0.00141272
0.00141389
0.00140455
0.00140898
0.00139073
0.00139404
0.00142041
0.00141513
0.00138302
0.00139067
0.00137279
0.00140415
0.00140933
0.00150225
0.00141372
0.00141287
0.00141375
0.00143393
0.00141720
0.00142994
0.00152751
0.00142118
0.00138028
0.00138730
0.00138034
0.00139835
0.00142811
0.00143868
0.00138539
0.00140938
0.00140911
0.00137486
0.00135933
0.00140417
0.00137440
0.00142671
0.00138988
0.00139897
0.00136574
0.00140328
0.00139220
0.00137101
0.00138387
0.00137497
0.00144319
0.00137607
0.00138674
0.00139254
0.00137981
0.00144753
0.00142603
0.00141276
0.00137896
0.00142879
0.00140788
0.00141354
0.00142785
0.00141872
0.00137461
0.00137703
0.00138678
0.00139708
0.00138277
0.00140222
0.00142883
0.00137331
0.00136038
0.00138521
0.00141337
0.00140575
0.00140113
0.00141712
0.00140393
0.00141053
0.00140300
0.00141235
0.00141972
0.00144076
0.00144915
0.00137641
0.00136089
0.00143212
0.00140820
0.00134813
0.00137985
0.00141252
0.00141660
0.00140116
0.00138894
0.00140392
0.00138051
0.00139024
0.00139085
0.00140917
0.00140557
0.00140449
0.00144231
0.00142310
0.00141358
0.00140054
0.00146689
0.00140472
0.00141936
0.00139246
0.00140698
0.00143040
0.00137203
0.00138540
0.00140877
0.00139609
0.00141490
0.00140208
0.00142245
0.00140123
0.00141824
0.00141599
0.00139849
0.00141323
0.00141382
0.00139395
0.00142771
0.00140935
0.00138832
0.00139230
0.00139863
0.00141758
0.00141390
0.00140181
0.00140121
0.00139400
0.00140455
0.00139082
0.00137811
0.00140751
0.00140533
0.00140063
0.00140476
0.00140679
0.00140645
0.00139512
0.00141485
0.00143202
0.00140900
0.00139906
0.00140574
0.00138083
0.00138397
0.00144607
0.00142945
0.00141045
0.00142606
0.00139682
0.00141120
0.00141606
0.00138969
0.00137839
0.00138129
0.00137427
0.00143550
0.00140803
0.00140438
0.00141241
0.00136330
0.00138191
0.00140374
0.00140291
0.00140550
0.00142228
0.00140237
0.00139534
0.00141128
0.00137732
0.00139347
0.00139944
0.00139042
0.00139871
0.00137481
0.00141823
0.00142470
0.00141035
0.00140193
0.00140994
0.00139456
0.00140042
0.00142231
0.00140320
0.00136667
0.00140882
0.00141650
0.00142517
0.00142526
0.00143365
0.00141778
0.00140456
0.00141794
0.00140513
0.00137892
0.00141025
0.00139968
0.00139065
0.00137089
0.00142189
0.00142112
0.00141911
0.00138191
0.00142282
0.00139060
0.00141279
0.00142060
0.00142876
0.00141307
0.00140597
0.00141948
0.00139869
0.00138153
0.00140272
0.00139962
0.00141408
0.00139826
0.00143714
0.00144653
0.00141731
0.00141332
0.00140327
0.00141783
0.00141111
0.00141721
0.00144849
0.00142119
0.00141834
0.00141580
0.00140552
0.00141228
0.00140527
0.00141677
0.00142052
0.00141407
0.00134710
0.00140272
0.00142143
0.00136460
0.00137724
0.00139980
0.00142259
0.00142876
0.00141068
0.00142518
0.00141335
0.00142356
0.00142353
0.00141892
0.00139098
0.00138997
0.00136783
0.00141277
0.00141022
0.00142763
0.00140258
0.00139621
0.00139869
0.00142325
0.00138469
0.00134418
0.00139210
0.00141255
0.00137969
0.00139048
0.00140921
0.00139396
0.00143079
0.00141421
0.00139508
0.00139274
0.00139350
0.00141606
0.00142141
0.00141048
0.00144173
0.00140416
0.00141991
0.00138554
0.00139140
0.00134844
0.00134160
0.00138653
0.00143015
0.00142688
0.00139698
0.00139998
0.00139768
0.00139942
0.00137495
0.00140587
0.00140811
0.00134770
0.00134583
0.00135571
0.00137615
0.00139452
0.00139279
0.00137345
0.00137367
0.00141484
0.00140375
0.00140699
0.00140455
0.00141156
0.00145639
0.00145924
0.00141389
0.00138796
0.00144626
0.00145422
0.00146121
0.00140353
0.00140684
0.00140137
0.00139634
0.00141100
0.00146058
0.00142099
0.00143795
0.00140691
0.00141787
0.00142882
0.00141463
0.00136563
0.00140771
0.00141676
0.00141656
0.00139637
0.00142033
0.00137231
0.00139975
0.00141229
0.00139265
0.00144141
0.00141675
0.00140274
0.00136592
0.00135768
0.00141224
0.00139068
0.00141884
0.00141172
0.00143438
0.00143794
0.00140387
0.00141882
0.00139932
0.00138105
0.00143211
0.00138217
0.00139185
0.00141148
0.00147008
0.00146958
0.00142863
0.00142254
0.00141949
0.00137441
0.00137763
0.00142343
0.00141165
0.00140601
0.00141888
0.00143863
0.00143407
0.00142540
0.00141502
0.00139935
0.00142285
0.00140756
0.00136688
0.00142650
0.00140023
0.00147168
0.00141886
0.00141942
0.00138360
0.00143675
0.00139210
0.00143254
0.00142995
0.00141838
0.00144227
0.00142352
0.00141813
0.00141965
0.00138434
0.00143381
0.00139365
0.00141467
0.00136763
0.00137759
0.00144759
0.00140484
0.00137785
0.00142866
0.00137079
0.00139821
0.00137285
0.00139062
0.00139252
0.00141696
0.00138327
0.00140087
0.00141704
0.00141828
0.00143065
0.00139621
0.00146292
0.00144405
0.00141764
0.00143615
0.00142125
0.00138961
0.00136464
0.00139514
0.00141397
0.00138634
0.00139338
0.00141283
0.00140593
0.00139536
0.00139457
0.00140692
0.00143348
0.00139809
0.00139927
0.00135818
0.00144512
0.00146075
0.00138425
0.00140956
0.00142691
0.00143547
0.00138532
0.00140062
0.00137935
0.00137512
0.00142059
0.00142330
0.00139503
0.00136743
0.00139074
0.00140641
0.00139269
0.00141851
0.00141190
0.00139996
0.00143902
0.00141205
0.00141747
0.00142075
0.00141835
0.00140586
0.00144740
0.00143455
0.00138051
0.00141869
0.00142284
0.00139549
0.00142243
0.00143170
0.00140551
0.00139609
0.00142174
0.00141273
0.00141516
0.00137951
0.00140912
0.00145671
0.00139896
0.00140165
0.00140389
0.00137972
0.00139692
0.00141991
0.00137033
0.00141939
0.00143627
0.00143949
0.00137828
0.00140200
0.00137831
0.00142318
0.00147479
0.00138087
0.00140277
0.00140856
0.00139463
0.00137887
0.00137966
0.00140410
0.00139966
0.00139097
0.00137365
0.00137517
0.00139450
0.00142935
0.00140072
0.00141864
0.00141882
0.00142316
0.00140304
0.00140097
0.00138255
0.00143030
0.00139880
0.00141677
0.00139075
0.00136921
0.00141797
0.00140141
0.00141896
0.00140439
0.00141868
0.00145005
0.00139750
0.00139633
0.00138191
0.00139102
0.00144199
0.00143405
0.00143472
0.00141196
0.00141775
0.00142738
0.00138963
0.00140307
0.00138997
0.00140838
0.00139049
0.00137630
0.00140900
0.00139835
0.00141627
0.00144145
0.00140456
0.00143795
0.00144726
0.00143117
0.00141745
0.00139154
0.00139594
0.00136748
0.00138889
0.00142483
0.00142263
0.00141675
0.00138779
0.00138648
0.00137972
0.00145285
0.00145624
0.00144538
0.00139391
0.00138319
0.00138695
0.00137184
0.00140758
0.00137927
0.00141101
0.00139266
0.00139690
0.00140137
0.00137795
0.00139844
0.00144000
0.00143347
0.00138455
0.00140074
0.00139500
0.00135441
0.00139900
0.00143067
0.00139623
0.00137862
0.00137153
0.00141484
0.00138008
0.00137007
0.00138467
0.00140530
0.00135882
0.00138838
0.00139066
0.00143389
0.00144309
0.00144196
0.00140307
0.00143798
0.00138946
0.00141699
0.00138830
0.00140450
0.00137896
0.00138073
0.00140510
0.00138883
0.00144335
0.00138610
0.00137234
0.00136567
0.00139422
0.00142071
0.00138923
0.00136729
0.00138441
0.00139451
0.00142334
0.00139394
0.00140550
0.00136107
0.00134728
0.00139454
0.00142338
0.00143553
0.00139593
0.00136093
0.00139790
0.00139283
0.00142560
0.00141243
0.00141476
0.00138435
0.00136283
0.00137746
0.00143826
0.00142837
0.00143282
0.00140658
0.00139266
0.00139238
0.00140931
0.00140453
0.00139611
0.00137368
0.00141297
0.00142092
0.00135969
0.00142136
0.00144013
0.00144614
0.00142036
0.00140904
0.00141525
0.00137591
0.00138850
0.00140745
0.00137789
0.00137908
0.00138610
0.00138286
0.00134474
0.00137022
0.00141539
0.00137379
0.00138581
0.00151073
0.00144731
0.00144292
0.00147294
0.00140453
0.00140560
0.00146391
0.00141321
0.00137890
0.00143242
0.00140667
0.00137382
0.00141898
0.00140436
0.00140184
0.00136811
0.00141732
0.00142055
0.00139942
0.00146380
0.00141900
0.00139590
0.00138718
0.00137014
0.00138743
0.00142952
0.00136595
0.00138417
0.00138572
0.00141666
0.00138965
0.00138733
0.00140297
0.00139945
0.00137738
0.00141982
0.00139993
0.00138594
0.00141458
0.00144824
0.00142020
0.00141901
0.00138457
0.00138102
0.00137705
0.00138572
0.00140358
0.00140231
0.00142659
0.00141765
0.00138012
0.00140451
0.00142710
0.00140412
0.00139236
0.00139610
0.00137590
0.00137442
0.00141307
0.00142391
0.00139094
0.00142615
0.00138694
0.00137365
0.00142091
0.00142749
0.00137277
0.00137813
0.00141559
0.00142153
0.00138579
0.00139684
0.00139847
0.00139798
0.00144736
0.00140229
0.00138582
0.00139262
0.00137248
0.00141012
0.00137895
0.00140584
0.00142910
0.00139446
0.00140617
0.00139561
0.00145818
0.00143059
0.00142217
0.00139231
0.00141332
0.00141597
0.00138425
0.00137444
0.00143125
0.00137573
0.00141941
0.00139033
0.00139500
0.00137611
0.00139828
0.00140215
0.00138737
0.00139967
0.00141453
0.00141972
0.00140646
0.00141202
0.00143458
0.00142527
0.00139163
0.00138512
0.00144429
0.00141811
0.00142524
0.00139941
0.00138844
0.00140083
0.00142959
0.00141698
0.00140167
0.00143503
0.00138710
0.00141004
0.00138662
0.00136928
0.00136730
0.00141701
0.00141681
0.00139287
0.00141553
0.00139845
0.00139158
0.00139107
0.00137972
0.00141722
0.00140759
0.00140430
0.00139171
0.00139848
0.00140991
0.00140323
0.00145778
0.00137444
0.00139397
0.00139886
0.00142244
0.00139616
0.00143075
0.00139277
0.00138475
0.00141183
0.00137753
0.00137859
0.00139525
0.00140811
0.00140227
0.00139441
0.00141276
0.00140405
0.00140926
0.00144584
0.00144010
0.00138099
0.00143307
0.00142907
0.00141414
0.00138915
0.00139940
0.00139782
0.00138464
0.00139623
0.00138922
0.00142910
0.00142810
0.00146954
0.00143541
0.00138954
0.00137016
0.00139596
0.00141317
0.00141315
0.00143458
0.00147566
0.00142336
0.00141706
0.00143242
0.00138334
0.00137261
0.00142433
0.00136523
0.00139278
0.00138655
0.00141793
0.00142834
0.00144586
0.00144507
0.00142855
0.00143478
0.00139984
0.00145058
0.00140457
0.00140818
0.00142267
0.00140962
0.00138157
0.00138167
0.00144009
0.00142802
0.00139487
0.00135800
0.00136643
0.00136213
0.00139817
0.00141521
0.00142999
0.00140999
0.00140314
0.00141453
0.00137110
0.00138883
0.00139202
0.00138320
0.00136288
0.00142594
0.00143885
0.00141885
0.00140148
0.00138989
0.00136938
0.00135070
0.00138879
0.00139910
0.00141196
0.00136150
0.00138280
0.00140209
0.00139800
0.00138365
0.00137737
0.00137224
0.00140531
0.00138616
0.00144062
0.00144646
0.00138400
0.00139356
0.00141805
0.00142093
0.00141704
0.00139987
0.00140373
0.00138045
0.00139715
0.00140310
0.00139673
0.00141357
0.00142743
0.00141428
0.00142456
0.00140233
0.00138701
0.00138890
0.00139643
0.00136985
0.00140790
0.00140951
0.00139122
0.00136843
0.00139119
0.00138754
0.00141120
0.00139179
0.00135843
0.00137045
0.00140878
0.00140903
0.00135452
0.00136923
0.00140350
0.00142866
0.00138693
0.00138823
0.00139534
0.00139365
0.00138496
0.00137877
0.00137683
0.00142565
0.00141317
0.00140056
0.00139432
0.00137928
0.00138347
0.00134562
0.00138759
0.00138775
0.00139400
0.00136903
0.00136453
0.00135598
0.00140346
0.00139303
0.00138290
0.00137797
0.00134585
0.00137467
0.00141290
0.00139352
0.00136001
0.00137239
0.00137514
0.00137943
0.00142108
0.00139131
0.00139770
0.00139977
0.00139172
0.00143497
0.00137964
0.00142228
0.00140742
0.00138318
0.00135666
0.00136341
0.00138853
0.00140087
0.00142081
0.00140751
0.00138124
0.00139110
0.00140371
0.00139448
0.00138361
0.00136158
0.00138012
0.00137555
0.00139449
0.00138661
0.00138067
0.00136715
0.00137635
0.00137456
0.00140516
0.00142864
0.00144046
0.00139795
0.00141699
0.00143145
0.00139958
0.00136237
0.00144308
0.00140302
0.00138645
0.00137417
0.00138095
0.00137699
0.00136449
0.00140249
0.00139820
0.00136128
0.00136914
0.00137588
0.00139043
0.00136856
0.00136035
0.00140525
0.00145084
0.00140630
0.00138277
0.00139385
0.00138922
0.00143230
0.00137090
0.00143114
0.00141408
0.00141771
0.00139719
0.00140664
0.00143440
0.00138343
0.00137739
0.00139199
0.00140964
0.00138900
0.00141159
0.00132724
0.00141373
0.00143983
0.00137034
0.00138991
0.00140105
0.00139430
0.00140289
0.00138427
0.00137567
0.00141553
0.00140802
0.00140758
0.00138763
0.00139744
0.00141452
0.00137273
0.00140330
0.00139852
0.00145571
0.00138295
0.00138915
0.00139722
0.00142367
0.00144374
0.00140475
0.00139397
0.00141139
0.00140051
0.00141135
0.00141860
0.00137738
0.00136482
0.00139082
0.00148320
0.00146492
0.00139167
0.00140466
0.00136244
0.00142152
0.00139215
0.00141524
0.00142857
0.00139219
0.00136969
0.00143428
0.00139797
0.00142762
0.00139098
0.00137717
0.00137252
0.00137584
0.00138968
0.00140647
0.00140159
0.00140952
0.00141700
0.00139480
0.00137492
0.00138768
0.00136978
0.00138786
0.00136463
0.00141050
0.00136941
0.00133950
0.00139345
0.00138828
0.00140496
0.00137382
0.00141268
0.00142790
0.00140106
0.00141945
0.00139878
0.00135674
0.00136549
0.00138043
0.00140476
0.00140882
0.00141593
0.00141607
0.00143209
0.00137208
0.00132638
0.00141602
0.00136980
0.00138588
0.00135080
0.00138018
0.00140092
0.00144359
0.00138090
0.00141041
0.00142492
0.00140402
0.00140526
0.00140022
0.00138199
0.00136277
0.00139620
0.00138106
0.00135007
0.00141409
0.00137224
0.00142346
0.00136285
0.00140334
0.00137118
0.00136578
0.00141544
0.00138690
0.00138750
0.00139056
0.00141166
0.00140557
0.00138726
0.00139780
0.00139202
0.00139650
0.00137521
0.00137152
0.00136424
0.00141695
0.00140023
0.00139055
0.00139472
0.00141096
0.00142250
0.00142313
0.00139735
0.00140604
0.00138292
0.00136882
0.00139636
0.00141220
0.00143066
0.00141447
0.00139135
0.00141212
0.00138708
0.00138957
0.00138799
0.00136531
0.00139909
0.00144744
0.00141385
0.00140432
0.00142424
0.00143667
0.00141710
0.00135771
0.00140976
0.00138035
0.00138098
0.00144434
0.00143309
0.00139061
0.00142466
0.00144466
0.00136786
0.00139474
0.00138468
0.00138797
0.00144259
0.00139158
0.00138365
0.00137820
0.00140577
0.00138416
0.00139846
0.00138961
0.00133282
0.00139207
0.00139229
0.00139408
0.00139370
0.00138678
0.00141924
0.00140244
0.00139520
0.00142088
0.00142264
0.00143777
0.00143436
0.00140711
0.00139314
0.00142486
0.00139933
0.00143356
0.00138709
0.00141786
0.00145000
0.00140901
0.00135879
0.00137404
0.00139390
0.00147215
0.00144511
0.00144274
0.00140144
0.00138258
0.00137533
0.00142120
0.00139699
0.00135992
0.00138628
0.00139410
0.00140387
0.00142893
0.00145198
0.00139954
0.00141249
0.00141213
0.00140708
0.00138938
0.00144980
0.00140894
0.00141356
0.00139214
0.00136404
0.00139106
0.00140154
0.00140031
0.00139511
0.00140384
0.00136350
0.00138611
0.00146855
0.00140313
0.00139013
0.00132753
0.00140337
0.00140722
0.00141130
0.00137376
0.00140653
0.00140898
0.00138175
0.00143465
0.00142787
0.00137957
0.00160780
0.00143157
0.00142520
0.00140646
0.00139652
0.00140763
0.00141709
0.00139655
0.00136985
0.00138868
0.00137384
0.00137179
0.00139124
0.00148372
0.00147590
0.00143586
0.00139688
0.00139646
0.00136613
0.00137002
0.00135955
0.00137649
0.00143338
0.00141871
0.00137292
0.00138338
0.00137185
0.00137962
0.00139900
0.00139890
0.00141218
0.00143224
0.00140765
0.00142605
0.00140387
0.00136692
0.00145604
0.00142411
0.00134876
0.00139321
0.00139294
0.00142967
0.00138578
0.00144456
0.00142341
0.00140033
0.00147235
0.00148274
0.00139027
0.00136842
0.00138667
0.00137835
0.00139714
0.00142995
0.00137270
0.00136301
0.00137765
0.00142874
0.00142711
0.00140597
0.00139701
0.00138703
0.00139246
0.00140147
0.00142332
0.00153084
0.00138348
0.00136041
0.00141288
0.00141480
0.00137037
0.00140423
0.00138169
0.00139202
0.00139411
0.00141638
0.00141224
0.00139548
0.00138280
0.00138693
0.00142077
0.00140665
0.00140848
0.00139125
0.00138784
0.00141148
0.00140516
0.00138780
0.00138904
0.00139585
0.00140363
0.00140504
0.00136126
0.00140420
0.00141570
0.00142627
0.00137921
0.00140526
0.00138849
0.00140774
0.00139061
0.00139971
0.00142124
0.00144200
0.00140670
0.00143659
0.00138861
0.00141415
0.00142961
0.00144153
0.00140936
0.00142293
0.00140691
0.00139427
0.00138853
0.00141282
0.00138473
0.00138716
0.00140237
0.00141901
0.00140526
0.00140908
0.00144381
0.00138740
0.00139796
0.00147175
0.00144377
0.00139473
0.00136411
0.00140250
0.00142775
0.00143186
0.00142510
0.00141420
0.00139428
0.00137160
0.00136411
0.00140591
0.00139854
0.00139744
0.00138875
0.00139224
0.00136562
0.00139024
0.00138003
0.00142932
0.00140272
0.00138080
0.00134766
0.00139528
0.00144567
0.00139653
0.00138981
0.00139554
0.00138877
0.00140377
0.00138248
0.00144731
0.00142257
0.00138184
0.00140451
0.00140148
0.00140002
0.00139535
0.00148346
0.00144007
0.00137770
0.00136599
0.00141450
0.00138565
0.00138011
0.00138022
0.00138891
0.00141054
0.00139839
0.00191519
0.00140257
0.00139146
0.00139112
0.00140639
0.00135922
0.00136846
0.00140830
0.00140050
0.00137383
0.00139378
0.00140679
0.00148779
0.00142718
0.00137829
0.00134697
0.00137199
0.00138748
0.00152494
0.00142567
0.00142095
0.00136625
0.00137326
0.00138388
0.00139468
0.00138314
0.00136194
0.00137515
0.00142226
0.00138591
0.00142117
0.00137694
0.00142107
0.00142482
0.00137809
0.00141357
0.00140206
0.00140771
0.00142314
0.00139561
0.00140191
0.00139619
0.00138012
0.00136173
0.00138838
0.00140352
0.00139363
0.00142194
0.00142745
0.00139173
0.00136562
0.00138093
0.00136363
0.00137506
0.00139525
0.00138303
0.00135358
0.00139647
0.00141724
0.00141907
0.00144493
0.00139471
0.00138609
0.00138518
0.00140411
0.00143391
0.00137990
0.00137810
0.00141536
0.00135996
0.00137486
0.00139202
0.00143101
0.00139831
0.00136219
0.00142533
0.00145303
0.00140587
0.00149529
0.00138140
0.00142768
0.00139632
0.00136596
0.00136597
0.00140242
0.00143648
0.00141419
0.00141990
0.00143529
0.00137877
0.00140373
0.00141145
0.00137168
0.00142821
0.00144501
0.00139926
0.00139050
0.00138271
0.00136613
0.00138547
0.00137511
0.00143091
0.00136813
0.00137466
0.00141985
0.00139140
0.00139009
0.00139688
0.00140624
0.00138492
0.00138735
0.00139527
0.00139929
0.00137280
0.00135825
0.00137585
0.00137875
0.00137668
0.00141893
0.00140119
0.00138353
0.00141065
0.00137842
0.00137974
0.00139167
0.00137543
0.00136740
0.00137990
0.00139855
0.00142926
0.00140787
0.00137395
0.00136892
0.00141916
0.00138776
0.00141528
0.00141178
0.00137983
0.00149720
0.00141396
0.00134880
0.00136405
0.00141394
0.00143060
0.00140530
0.00139148
0.00142941
0.00144980
0.00143628
0.00143100
0.00139453
0.00139486
0.00143219
0.00140833
0.00142478
0.00140886
0.00142461
0.00141858
0.00139370
0.00141413
0.00142743
0.00141116
0.00138095
0.00140749
0.00138692
0.00141370
0.00138412
0.00139698
0.00139709
0.00138868
0.00138200
0.00137274
0.00136878
0.00143105
0.00142516
0.00140221
0.00144588
0.00142138
0.00145247
0.00141628
0.00142245
0.00142360
0.00143656
0.00135814
0.00138609
0.00143300
0.00143035
0.00139742
0.00140638
0.00142282
0.00142002
0.00140613
0.00138787
0.00139700
0.00138568
0.00143558
0.00138425
0.00137929
0.00142322
0.00138306
0.00133950
0.00137096
0.00141196
0.00141748
0.00141533
0.00141837
0.00136934
0.00138540
0.00139180
0.00140791
0.00138212
0.00140709
0.00138195
0.00139237
0.00138743
0.00137762
0.00141243
0.00135887
0.00138607
0.00141801
0.00139760
0.00138161
0.00139515
0.00138670
0.00138461
0.00140945
0.00144165
0.00143124
0.00140514
0.00136824
0.00137296
0.00138648
0.00138834
0.00142860
0.00137299
0.00138185
0.00140988
0.00137992
0.00142748
0.00138974
0.00137118
0.00137632
0.00139680
0.00140850
0.00140735
0.00145718
0.00141792
0.00141145
0.00144176
0.00141135
0.00139653
0.00141274
0.00142523
0.00141104
0.00137065
0.00140935
0.00143877
0.00139424
0.00140054
0.00141067
0.00141815
0.00145181
0.00142996
0.00139843
0.00141880
0.00139337
0.00139533
0.00137796
0.00141573
0.00136447
0.00139483
0.00142106
0.00143182
0.00140700
0.00141210
0.00143761
0.00138135
0.00140485
0.00141673
0.00140895
0.00143863
0.00139975
0.00139051
0.00143470
0.00138275
0.00141478
0.00142569
0.00140279
0.00140898
0.00140138
0.00141389
0.00134697
0.00136560
0.00142721
0.00143773
0.00137562
0.00138467
0.00136560
0.00137614
0.00141444
0.00143055
0.00141923
0.00144315
0.00142903
0.00139850
0.00141085
0.00139931
0.00143682
0.00141277
0.00135526
0.00137683
0.00138252
0.00136032
0.00140727
0.00142135
0.00142215
0.00138854
0.00141259
0.00140296
0.00140357
0.00142170
0.00139245
0.00141254
0.00138474
0.00138875
0.00144827
0.00141020
0.00137796
0.00138392
0.00138318
0.00138865
0.00139526
0.00138460
0.00139214
0.00138884
0.00140108
0.00141243
0.00142694
0.00136207
0.00140572
0.00139612
0.00138261
0.00143889
0.00140362
0.00138733
0.00138710
0.00140484
0.00143547
0.00143489
0.00141093
0.00138192
0.00140024
0.00141143
0.00140513
0.00142218
0.00140975
0.00139858
0.00143473
0.00138601
0.00140743
0.00137995
0.00141414
0.00140649
0.00140005
0.00143025
0.00147207
0.00149410
0.00143464
0.00142124
0.00142546
0.00146719
0.00152427
0.00141011
0.00140471
0.00139839
0.00139059
0.00136766
0.00140505
0.00141985
0.00141241
0.00137247
0.00141187
0.00148165
0.00144682
0.00140053
0.00139395
0.00139514
0.00139623
0.00143552
0.00139323
0.00140346
0.00143734
0.00146621
0.00144913
0.00142378
0.00141941
0.00140136
0.00137389
0.00135859
0.00138444
0.00141588
0.00139780
0.00140305
0.00140732
0.00143423
0.00138359
0.00140176
0.00143570
0.00141948
0.00142926
0.00138186
0.00140892
0.00135594
0.00139583
0.00138493
0.00137801
0.00142065
0.00138870
0.00143099
0.00145164
0.00140588
0.00141740
0.00141321
0.00147497
0.00139872
0.00139940
0.00137292
0.00140985
0.00140780
0.00139272
0.00139908
0.00149516
0.00144865
0.00147508
0.00145793
0.00140230
0.00142901
0.00141331
0.00140504
0.00136914
0.00138867
0.00142895
0.00142134
0.00142207
0.00143441
0.00141903
0.00141530
0.00137201
0.00145406
0.00142026
0.00138528
0.00143269
0.00143835
0.00146227
0.00141283
0.00143625
0.00143843
0.00139556
0.00143341
0.00137834
0.00136138
0.00139136
0.00139733
0.00136393
0.00139673
0.00139673
0.00138871
0.00141305
0.00141987
0.00139419
0.00137132
0.00138782
0.00137194
0.00136740
0.00141027
0.00141201
0.00138899
0.00138264
0.00135584
0.00141252
0.00142144
0.00139877
0.00142053
0.00140004
0.00136233
0.00137181
0.00139890
0.00137522
0.00140148
0.00142010
0.00141097
0.00139329
0.00138400
0.00144257
0.00137611
0.00138703
0.00143124
0.00146224
0.00140500
0.00144029
0.00137565
0.00134411
0.00141208
0.00141002
0.00140990
0.00142684
0.00138942
0.00141899
0.00139247
0.00136505
0.00139944
0.00139991
0.00140726
0.00141585
0.00141142
0.00135571
0.00139480
0.00138913
0.00137965
0.00140079
0.00139672
0.00143212
0.00141929
0.00139285
0.00139980
0.00143263
0.00141595
0.00140487
0.00143779
0.00145426
0.00140195
0.00137694
0.00140370
0.00139459
0.00143963
0.00138079
0.00140747
0.00145025
0.00140812
0.00141168
0.00146497
0.00140545
0.00140576
0.00139509
0.00141840
0.00142471
0.00141822
0.00140151
0.00140831
0.00137668
0.00142407
0.00139791
0.00138065
0.00135433
0.00135879
0.00137770
0.00135370
0.00135815
0.00137618
0.00145857
0.00140363
0.00138979
0.00136557
0.00142902
0.00141922
0.00140987
0.00142099
0.00140967
0.00135801
0.00136628
0.00137991
0.00138591
0.00139010
0.00137284
0.00141248
0.00140719
0.00142426
0.00140428
0.00142464
0.00137388
0.00136226
0.00136024
0.00138966
0.00142159
0.00137517
0.00135889
0.00137927
0.00141247
0.00140280
0.00142156
0.00142187
0.00141897
0.00139339
0.00142742
0.00141298
0.00136804
0.00137116
0.00140694
0.00143684
0.00139164
0.00138245
0.00138440
0.00141175
0.00140443
0.00139227
0.00144847
0.00143281
0.00139085
0.00139182
0.00138754
0.00138314
0.00137554
0.00137434
0.00139120
0.00138403
0.00140847
0.00143610
0.00139895
0.00138824
0.00138326
0.00140127
0.00137665
0.00139545
0.00140435
0.00138502
0.00141521
0.00139399
0.00140659
0.00140239
0.00139648
0.00143440
0.00143984
0.00147317
0.00143660
0.00139679
0.00142162
0.00141429
0.00144463
0.00141965
0.00143324
0.00141093
0.00139969
0.00140026
0.00143721
0.00142721
0.00138902
0.00137540
0.00139063
0.00139718
0.00142892
0.00142699
0.00141645
0.00144193
0.00140247
0.00136455
0.00141908
0.00136126
0.00140633
0.00137939
0.00141439
0.00137850
0.00137923
0.00139575
0.00143544
0.00137905
0.00140743
0.00142000
0.00140363
0.00140318
0.00136738
0.00137612
0.00140811
0.00139987
0.00138439
0.00137598
0.00139031
0.00140156
0.00142812
0.00140236
0.00136273
0.00138906
0.00144665
0.00142989
0.00139435
0.00138888
0.00138948
0.00139789
0.00138652
0.00138392
0.00138306
0.00142455
0.00140858
0.00138157
0.00140099
0.00141778
0.00135466
0.00138166
0.00142366
0.00139225
0.00139715
0.00137544
0.00142043
0.00142615
0.00137425
0.00137535
0.00141705
0.00140123
0.00137812
0.00140185
0.00139745
0.00141144
0.00137954
0.00139633
0.00134835
0.00133551
0.00136045
0.00141494
0.00143993
0.00140702
0.00139305
0.00135644
0.00135758
0.00143102
0.00141693
0.00139807
0.00138513
0.00138141
0.00143682
0.00140637
0.00141277
0.00145632
0.00137175
0.00137782
0.00138812
0.00140828
0.00140523
0.00142743
0.00143340
0.00137785
0.00141933
0.00140605
0.00142967
0.00141880
0.00140830
0.00138404
0.00144671
0.00142434
0.00143549
0.00138946
0.00140458
0.00140521
0.00141161
0.00138072
0.00140974
0.00143304
0.00141757
0.00140683
0.00141663
0.00142192
0.00143406
0.00139964
0.00140201
0.00139636
0.00143617
0.00145011
0.00144847
0.00140349
0.00141823
0.00137083
0.00143373
0.00142846
0.00140660
0.00144396
0.00138857
0.00141335
0.00141357
0.00141365
0.00144224
0.00141611
0.00141987
0.00139720
0.00143144
0.00144911
0.00138784
0.00141909
0.00140044
0.00140966
0.00137870
0.00142616
0.00139380
0.00143073
0.00148201
0.00139719
0.00138534
0.00142877
0.00141747
0.00140798
0.00142328
0.00143479
0.00142515
0.00139999
0.00146254
0.00140296
0.00142103
0.00142636
0.00144345
0.00145231
0.00142593
0.00142869
0.00142672
0.00141268
0.00137098
0.00136977
0.00144469
0.00148422
0.00144216
0.00140815
0.00141629
0.00138001
0.00142124
0.00137821
0.00138639
0.00139276
0.00139680
0.00140826
0.00140743
0.00142932
0.00139991
0.00138840
0.00136978
0.00137065
0.00140903
0.00142129
0.00137501
0.00138431
0.00140400
0.00142805
0.00144060
0.00140332
0.00141667
0.00141646
0.00141702
0.00137341
0.00138123
0.00139057
0.00139349
0.00142188
0.00140723
0.00138389
0.00140113
0.00139256
0.00140936
0.00141208
0.00139596
0.00137217
0.00144343
0.00140421
0.00141058
0.00142556
0.00143343
0.00139325
0.00142003
0.00140644
0.00143498
0.00139610
0.00138794
0.00141774
0.00145000
0.00139187
0.00138128
0.00141000
0.00141996
0.00143577
0.00142434
0.00139659
0.00142822
0.00144423
0.00143073
0.00149150
0.00156171
0.00142071
0.00139785
0.00140976
0.00139441
0.00144301
0.00141792
0.00144139
0.00144641
0.00137193
0.00144802
0.00146146
0.00142904
0.00138464
0.00148155
0.00146156
0.00144057
0.00142101
0.00138833
0.00139568
0.00140921
0.00137875
0.00137475
0.00139848
0.00138725
0.00147213
0.00138089
0.00139366
0.00141843
0.00142638
0.00137024
0.00137811
0.00139014
0.00138774
0.00139243
0.00138594
0.00137991
0.00137887
0.00140897
0.00143183
0.00140495
0.00140709
0.00144273
0.00144430
0.00141585
0.00142554
0.00140581
0.00141856
0.00148620
0.00143545
0.00138282
0.00140040
0.00138375
0.00140807
0.00140541
0.00143385
0.00139659
0.00137992
0.00139882
0.00141001
0.00139781
0.00140566
0.00138680
0.00141886
0.00143882
0.00142532
0.00142090
0.00145553
0.00142621
0.00142885
0.00141953
0.00143474
0.00141128
0.00137795
0.00140441
0.00137638
0.00141882
0.00139778
0.00142262
0.00141019
0.00138032
0.00135329
0.00137975
0.00139583
0.00134951
0.00139675
0.00138861
0.00136813
0.00142838
0.00141560
0.00143958
0.00141874
0.00138660
0.00137557
0.00134825
0.00139002
0.00140113
0.00138760
0.00137676
0.00137395
0.00138801
0.00139689
0.00142025
0.00136839
0.00138736
0.00142564
0.00139146
0.00137594
0.00133042
0.00140073
0.00141887
0.00137310
0.00139202
0.00140864
0.00135999
0.00139233
0.00138960
0.00142550
0.00144511
0.00138903
0.00140089
0.00138681
0.00140433
0.00140344
0.00142349
0.00138478
0.00142225
0.00138018
0.00144488
0.00140897
0.00137722
0.00145838
0.00143803
0.00141431
0.00142131
0.00144720
0.00136487
0.00139104
0.00144145
0.00150364
0.00144171
0.00164784
0.00162546
0.00138894
0.00144726
0.00141347
0.00147925
0.00142373
0.00143776
0.00141869
0.00156596
0.00174774
0.00152085
0.00167897
0.00178635
0.00145711
0.00154067
0.00147592
0.00143260
0.00151823
0.00150216
0.00141484
0.00143690
0.00141761
0.00138312
0.00139118
0.00141090
0.00140819
0.00140523
0.00141572
0.00137059
0.00138208
0.00156079
0.00143146
0.00138006
0.00143419
0.00145220
0.00141007
0.00148903
0.00141756
0.00142077
0.00139720
0.00140783
0.00139738
0.00150285
0.00139586
0.00150097
0.00141324
0.00141490
0.00143369
0.00141552
