0
0.00263736
0.00264029
0.00261703
0.00262057
0.00263766
0.00262914
0.00261575
0.00263732
0.00262634
0.00262464
0.00265008
0.00263104
0.00259578
0.00259805
0.00262846
0.0026268
0.00264574
0.00263951
0.0026277
0.00264568
0.00267108
0.00265113
0.00260964
0.0025964
0.00261265
0.00260161
0.002625
0.0026299
0.0026249
0.00263802
0.00263952
0.00262704
0.00263616
0.00264078
0.00262373
0.00261172
0.00259046
0.00262968
0.00263978
0.00262376
0.00260207
0.00259774
0.00263428
0.00263215
0.00262272
0.00264494
0.00264044
0.00263829
0.00264874
0.00260771
0.00263583
0.00262684
0.00263672
0.00263801
0.00263449
0.00264104
0.00261196
0.00262436
0.00261707
0.002619
0.00262046
0.00261773
0.00263153
0.00265331
0.00262959
0.00262071
0.00261731
0.00263093
0.00264904
0.00264145
0.00261487
0.00261576
0.00262324
0.00263288
0.00265107
0.00263132
0.00263349
0.00262324
0.00264984
0.00265443
0.00262173
0.00267304
0.00263172
0.00262941
0.00264421
0.00262854
0.00264398
0.00264181
0.00263453
0.0026253
0.00264709
0.00263198
0.00261664
0.00267025
0.00265113
0.00262775
0.00264562
0.00266236
0.0026474
0.0026112
0.00261638
0.00263967
0.00262986
0.00266917
0.00264479
0.00266376
0.00264938
0.00265879
0.00264591
0.00264237
0.00261982
0.00263487
0.00265767
0.0026529
0.00262847
0.00262599
0.00264637
0.00262023
0.00265154
0.0026421
0.00265154
0.00263772
0.0026409
0.00264622
0.0026519
0.00263964
0.00261631
0.00263796
0.00265373
0.00263415
0.00263866
0.00262674
0.00263594
0.0026208
0.00265689
0.00266597
0.00265442
0.00265154
0.00266891
0.00265426
0.00262527
0.00263625
0.00262643
0.00262509
0.00262876
0.00262099
0.00265889
0.0026335
0.00262492
0.00264746
0.00261787
0.00261465
0.00262631
0.00264471
0.00263991
0.00262967
0.002651
0.00266309
0.00263867
0.00263467
0.0026477
0.00262919
0.00262221
0.00263681
0.00266113
0.00264048
0.00262677
0.00262732
0.00263085
0.00263828
0.00267522
0.00264848
0.00267236
0.00264346
0.00264089
0.00264303
0.00264647
0.00262706
0.00261238
0.00264802
0.00270165
0.00266336
0.00265575
0.00264855
0.00261656
0.00267096
0.00264562
0.00263593
0.00265213
0.00265335
0.00265543
0.00263838
0.0026532
0.00264992
0.00266919
0.00266004
0.00265013
0.0026642
0.00265393
0.00262876
0.00265442
0.00264119
0.00262999
0.00263506
0.00265157
0.00263995
0.00264176
0.00261909
0.00262758
0.00264112
0.00264964
0.00261639
0.00263719
0.00266157
0.00268277
0.00264388
0.00263339
0.00259947
0.00261759
0.00262711
0.00264515
0.00263521
0.00262
0.00262489
0.0026358
0.00265398
0.00264444
0.0026266
0.00264244
0.00264692
0.00264798
0.00264638
0.00264702
0.00265901
0.00264506
0.00262876
0.00264633
0.00262596
0.00265564
0.00265076
0.00263596
0.00263883
0.00261978
0.00262577
0.00262055
0.00265485
0.00264394
0.00260837
0.00262045
0.00262766
0.0026128
0.00261381
0.00263558
0.00262046
0.00263319
0.00261683
0.00264175
0.00263325
0.0026211
0.00263523
0.00265256
0.00265441
0.00263682
0.00263805
0.00264703
0.00265406
0.00263445
0.0026364
0.00265033
0.00264277
0.00264115
0.00263139
0.00265346
0.00264029
0.00264565
0.00261063
0.00262679
0.00261794
0.00267429
0.00262651
0.00264034
0.00264641
0.00263634
0.00265389
0.00266584
0.00265
0.00263843
0.00263366
0.0026081
0.00265609
0.0026341
0.0026152
0.00263258
0.00262195
0.00262249
0.00264364
0.00264213
0.00265643
0.00265578
0.00264433
0.0026296
0.00264971
0.00264887
0.00263475
0.00263408
0.00263108
0.00266367
0.00264998
0.00262643
0.00264719
0.00263522
0.00263572
0.00266122
0.00266068
0.00263417
0.00264111
0.00263438
0.00267341
0.00264476
0.00263575
0.00261788
0.00265785
0.00264093
0.00263894
0.00263756
0.00265934
0.00264764
0.00264033
0.00266143
0.00262081
0.00262527
0.00264155
0.00262667
0.00263048
0.00263206
0.0026342
0.00265508
0.00262383
0.00261833
0.0026186
0.00264494
0.0026526
0.00264474
0.0026403
0.00267246
0.00264681
0.00263587
0.00260852
0.00263215
0.00261878
0.00264248
0.00262894
0.0026243
0.00262924
0.00264008
0.00263575
0.00262358
0.00263269
0.00262611
0.00262271
0.00262693
0.00260788
0.00262199
0.00265085
0.00266636
0.00265281
0.00263199
0.00260926
0.0026458
0.00261895
0.00263209
0.00261213
0.00262185
0.00261697
0.00260667
0.00264923
0.00263312
0.00263086
0.00265568
0.00265749
0.0026198
0.00260775
0.00263445
0.00263758
0.00265844
0.00267524
0.00264652
0.00265081
0.00262025
0.00263058
0.00263535
0.00263181
0.00263032
0.00262197
0.00264939
0.00261689
0.00261594
0.00262298
0.00262381
0.00264051
0.0026145
0.00262354
0.002625
0.00265291
0.00261517
0.00261672
0.00264348
0.0026007
0.00261144
0.00262451
0.00261771
0.00260811
0.00264707
0.00264222
0.00265308
0.00262922
0.00260771
0.00260142
0.00260908
0.00263038
0.00260811
0.00264485
0.00262408
0.00263129
0.00264121
0.00261961
0.00260339
0.00262403
0.00262316
0.00264001
0.0026339
0.00264418
0.00266734
0.00264615
0.00262405
0.00263369
0.00261459
0.00262596
0.00260869
0.00259833
0.0026187
0.00263627
0.00262211
0.00263694
0.00263299
0.0026256
0.00263952
0.00263915
0.00262611
0.00262467
0.00267017
0.00265939
0.00264324
0.00263865
0.00263281
0.00262691
0.00261005
0.00261393
0.00264013
0.0026189
0.00263565
0.00264409
0.00265664
0.00261654
0.00259559
0.0026392
0.00263255
0.00261863
0.00261378
0.00263627
0.00265391
0.00263101
0.00262923
0.00262982
0.00263965
0.00262005
0.00261318
0.00261002
0.00262073
0.00263751
0.00263035
0.00264298
0.00262193
0.00259538
0.00261612
0.00262226
0.00260401
0.00261816
0.00262925
0.00260163
0.00263438
0.00262929
0.0026462
0.00262947
0.00261431
0.00263821
0.00263245
0.00262169
0.00263045
0.00265089
0.00260939
0.00260993
0.0026166
0.00265355
0.00265034
0.00263898
0.00263256
0.00263672
0.00264204
0.00264426
0.00263437
0.00263852
0.00263351
0.00262068
0.00261688
0.00260849
0.00261664
0.00262094
0.00263057
0.00262627
0.00263709
0.00263671
0.00264751
0.00263961
0.00263874
0.0026197
0.00259801
0.0026542
0.00263903
0.00262056
0.00261068
0.00262028
0.00264304
0.00264008
0.00267134
0.00262925
0.00262262
0.00262599
0.00259246
0.00262162
0.00260123
0.002604
0.00260841
0.00262111
0.00263031
0.00261144
0.00265139
0.00262708
0.00260592
0.00260857
0.00261664
0.00262653
0.00265891
0.00262657
0.00263016
0.00262062
0.00267224
0.00266699
0.00261593
0.00263787
0.00265541
0.00264427
0.00263334
0.00263115
0.00262742
0.00261165
0.002603
0.00261597
0.0026161
0.00261963
0.00263697
0.00270355
0.00268542
0.0026615
0.00265928
0.00265129
0.00262044
0.00262339
0.00264156
0.00262316
0.00266276
0.00264097
0.00263832
0.00263158
0.0026197
0.00263108
0.00263922
0.00262467
0.00262421
0.00264312
0.00262197
0.00265534
0.00267713
0.00265419
0.0026446
0.00265623
0.00263369
0.00263636
0.00262117
0.00263412
0.00266635
0.00265614
0.00265041
0.00266564
0.00268063
0.00264526
0.0026242
0.00262988
0.00265282
0.00263984
0.00265955
0.00265262
0.00263173
0.00263867
0.00262391
0.00261971
0.00261776
0.00262908
0.0026243
0.00264232
0.00263663
0.00263841
0.00265402
0.00264741
0.00263953
0.00262066
0.00263918
0.00265485
0.00261752
0.00261554
0.00262343
0.00264801
0.00261377
0.0026312
0.00260587
0.00263704
0.00266099
0.00263118
0.00263786
0.00262187
0.00264857
0.00263397
0.00264177
0.00263528
0.00263317
0.00261171
0.00261379
0.00262861
0.00262544
0.00260458
0.00260455
0.00262137
0.00262222
0.00262903
0.00262255
0.00261952
0.00261479
0.00262292
0.0026016
0.00263564
0.00261389
0.00260285
0.00263023
0.00263183
0.00262907
0.00263774
0.0026005
0.00262233
0.00263998
0.00260567
0.00262534
0.00263014
0.00262328
0.00262128
0.00260191
0.0025884
0.00261434
0.0026325
0.00259182
0.00259757
0.00262178
0.0026553
0.00261793
0.00262806
0.00262677
0.00260652
0.00262412
0.00260578
0.00261275
0.002632
0.00261642
0.00261415
0.00260268
0.00262304
0.00262383
0.00261624
0.00261044
0.00264709
0.00262643
0.00260968
0.00260773
0.00261329
0.00262233
0.0026292
0.0026273
0.00263039
0.0026269
0.00263036
0.00262202
0.00261582
0.00260632
0.00263725
0.00263284
0.00262758
0.00261395
0.00264405
0.00262813
0.00265404
0.00264654
0.00262959
0.00262304
0.00260402
0.0026089
0.00262297
0.00262249
0.00261365
0.002607
0.00262132
0.00262895
0.00264025
0.0026415
0.00262229
0.00261524
0.00263019
0.00264838
0.00260014
0.0025901
0.00260561
0.00262023
0.00263903
0.00262738
0.0026258
0.00261004
0.00261923
0.00262161
0.00261816
0.00263573
0.0026333
0.00261647
0.00261067
0.00263468
0.00259805
0.00260401
0.00260308
0.00261188
0.00260721
0.00262497
0.00262056
0.00264598
0.00267973
0.00263982
0.00267224
0.00264357
0.00263702
0.0026391
0.00261753
0.0026171
0.0026007
0.00261695
0.00261036
0.00260281
0.00263031
0.00262155
0.00262389
0.00264837
0.00260775
0.00262642
0.00261187
0.00261332
0.00261609
0.0026274
0.00263756
0.00262904
0.00261317
0.00260545
0.00262974
0.00260081
0.00262967
0.00262673
0.00263432
0.00263954
0.00268459
0.00264247
0.00262648
0.00263366
0.00264221
0.00262954
0.00261218
0.00261249
0.00263066
0.00261841
0.0026286
0.00262495
0.00260174
0.00260351
0.00263377
0.00261049
0.00261465
0.0026472
0.00260668
0.00262011
0.00261956
0.00262603
0.00262494
0.00263438
0.00263928
0.00264949
0.00263091
0.00264516
0.00264942
0.00261973
0.00265767
0.00262726
0.00263317
0.0026367
0.00262497
0.00265291
0.00264002
0.0026268
0.00264746
0.00265776
0.00260967
0.00261442
0.00259417
0.00262373
0.00261721
0.00261899
0.00266247
0.00265276
0.00262283
0.00264922
0.002603
0.00262624
0.00262223
0.00262235
0.00266187
0.00262829
0.00262935
0.00263658
0.00263107
0.00263882
0.00261421
0.00265005
0.00264495
0.00265864
0.00262222
0.00261038
0.00260444
0.00262834
0.00261862
0.00261867
0.00263444
0.00263528
0.00263869
0.00262152
0.00263277
0.00262694
0.00262898
0.002617
0.00262147
0.00262415
0.00260769
0.00262296
0.00262408
0.002619
0.00262262
0.0026006
0.00262375
0.0026313
0.00262698
0.00262807
0.00262085
0.00263338
0.00260545
0.00263956
0.00264325
0.00263826
0.002611
0.00261931
0.00262212
0.00263303
0.00263373
0.00261159
0.00262469
0.00263623
0.00262565
0.00262504
0.00263403
0.00261721
0.00262842
0.00261124
0.00261977
0.00263586
0.002615
0.00261903
0.00262151
0.00261091
0.00262032
0.00262151
0.00263239
0.0026292
0.00261476
0.00261982
0.00262942
0.00262405
0.00260639
0.00261611
0.00261469
0.00263881
0.00263017
0.00263191
0.00260613
0.00261894
0.0026524
0.00264274
0.00266502
0.00264133
0.00263423
0.00264611
0.00265974
0.00263125
0.00265638
0.00263401
0.00261296
0.0026088
0.00262421
0.00264517
0.00264312
0.00269471
0.00264288
0.00261051
0.00267075
0.00268308
0.00268222
0.002635
0.00265227
0.00264132
0.00263924
0.00262187
0.00260249
0.00262584
0.00261939
0.00264213
0.00265682
0.00265055
0.00262666
0.00264555
0.00263869
0.00260766
0.00264044
0.00264387
0.00261967
0.00263175
0.00266222
0.00262671
0.0026307
0.00263505
0.0026506
0.00264878
0.00262135
0.00263575
0.00261493
0.00262711
0.00261241
0.00262144
0.00263379
0.00262863
0.0026254
0.00262135
0.00263167
0.00263105
0.00265096
0.00265048
0.00264929
0.00262643
0.00264121
0.00263226
0.00265152
0.00263288
0.00262185
0.00263708
0.00263724
0.00265125
0.00264807
0.00265788
0.0026303
0.00263452
0.0026461
0.00289207
0.00266611
0.0026798
0.00266901
0.00263353
0.00265889
0.00263787
0.0026499
0.00265027
0.00265421
0.00266321
0.0026846
0.00267823
0.00266221
0.00265787
0.0026559
0.00265927
0.00266594
0.00267758
0.00262896
0.00267605
0.00267651
0.00266897
0.00266101
0.00264279
0.00265703
0.00265438
0.00264118
0.002663
0.00264733
0.00265964
0.00265217
0.00265397
0.00265819
0.00266598
0.00266177
0.00266111
0.00265947
0.00266287
0.00268783
0.00263782
0.00264643
0.00268932
0.00265645
0.00262727
0.00261676
0.00264126
0.00263577
0.00262667
0.00262345
0.00264264
0.00265341
0.00265528
0.00264777
0.00264181
0.00262827
0.00265823
0.00264642
0.00267707
0.00266282
0.0026443
0.00263511
0.00264865
0.00263159
0.00268083
0.00266142
0.00265584
0.00265905
0.00265406
0.00264694
0.0026434
0.00265803
0.00268229
0.00265342
0.00264961
0.00266578
0.00264839
0.00265154
0.00266197
0.00264892
0.00264656
0.00266777
0.00267057
0.00266605
0.00264822
0.00265205
0.00264395
0.00264461
0.00265095
0.00265524
0.00264768
0.00262128
0.00267214
0.00265052
0.00264911
0.00265039
0.00264329
0.00265376
0.00265027
0.00265788
0.0026562
0.00264403
0.00266048
0.00265224
0.0026318
0.00264787
0.00265729
0.00265974
0.00263845
0.00266495
0.00265999
0.00266033
0.00267599
0.00265789
0.00266347
0.00264684
0.00263574
0.00266701
0.00265681
0.0026502
0.00266782
0.00266429
0.00266707
0.0026609
0.00263535
0.00263329
0.00265374
0.00262983
0.0026399
0.00264758
0.00265375
0.00268314
0.00265487
0.00266324
0.00264451
0.00261508
0.00262355
0.00262765
0.00263405
0.00265817
0.00262994
0.00265828
0.00263789
0.00264152
0.00261733
0.00263969
0.00264778
0.00264136
0.00266309
0.00266019
0.00266637
0.00264026
0.00261182
0.00264814
0.00262672
0.00264374
0.00264632
0.00264369
0.00260892
0.00260116
0.00262857
0.00264501
0.00262922
0.00263267
0.00261442
0.00263309
0.00264643
0.00264334
0.00263224
0.00263072
0.00263241
0.00262189
0.00264
0.00262763
0.00261336
0.0026339
0.00262505
0.00263449
0.00264235
0.00264428
0.00262767
0.00262659
0.00264534
0.00263777
0.0026477
0.00265558
0.00265554
0.00264504
0.00265325
0.00265587
0.00265097
0.00265968
0.00265785
0.00267579
0.0026265
0.0026369
0.00265063
0.00268005
0.00266428
0.00266028
0.00266047
0.00265655
0.00264885
0.00266221
0.00266628
0.00264176
0.00265345
0.00263244
0.00263907
0.00266493
0.002673
0.00265311
0.00265539
0.00265432
0.00263811
0.00264993
0.00265773
0.00265263
0.00265929
0.00267044
0.00265998
0.00267184
0.00264803
0.00263081
0.00263392
0.00264706
0.00265656
0.00264642
0.00266731
0.00266859
0.0026584
0.0026491
0.00263942
0.0026503
0.00266501
0.00266287
0.00261333
0.00264024
0.00264231
0.00264922
0.00264216
0.00266264
0.00266914
0.0026629
0.00266445
0.00264855
0.00265147
0.00266827
0.00264864
0.0026759
0.00266303
0.00267276
0.00266832
0.00264872
0.00265281
0.00265516
0.00265005
0.00264869
0.00264682
0.00265657
0.00265758
0.00266036
0.00263541
0.0026694
0.00266857
0.00266052
0.00267267
0.00266963
0.00264933
0.00265528
0.00264821
0.00267353
0.00267374
0.00265426
0.00267992
0.00266984
0.00269809
0.00266223
0.00263656
0.00263973
0.00264668
0.00268751
0.00267317
0.00267166
0.00265626
0.00269831
0.00268681
0.00263938
0.00264641
0.00266164
0.0026496
0.00267632
0.00266216
0.00266249
0.00266381
0.00269046
0.00266264
0.00263676
0.00264299
0.00266279
0.0026726
0.00263355
0.00266671
0.0026768
0.00266951
0.00267591
0.00265666
0.0026357
0.00267427
0.002682
0.00265989
0.0026551
0.0026783
0.0026527
0.00267129
0.00266647
0.00266082
0.00264944
0.00264211
0.00264177
0.00266091
0.00264563
0.0026696
0.00268464
0.00264238
0.00265866
0.0026727
0.00266376
0.00265199
0.00265025
0.00265258
0.00265329
0.00266884
0.00266293
0.00266213
0.00265486
0.00265923
0.00266953
0.00266614
0.00264781
0.00264881
0.00263751
0.00265569
0.00265166
0.00265745
0.00264831
0.00264889
0.00266472
0.00265557
0.00264519
0.00264297
0.00266728
0.00267898
0.00265795
0.00267388
0.00266672
0.00269354
0.00268152
0.0026846
0.00269042
0.00266812
0.00267409
0.0026627
0.00266342
0.00263994
0.00265506
0.00265731
0.00264837
0.00266468
0.00265437
0.0026631
0.00264856
0.00265456
0.00266432
0.00266814
0.00265797
0.00264341
0.0026776
0.00264753
0.00263622
0.0026461
0.00265793
0.00267579
0.00268755
0.00264159
0.00263431
0.00267113
0.00265388
0.00264933
0.00265227
0.00267069
0.00265508
0.00266194
0.00265917
0.00264111
0.00265113
0.00269467
0.00265616
0.00265485
0.00264864
0.00266086
0.00265248
0.00266828
0.00264935
0.00267402
0.00264102
0.00263616
0.00264753
0.00263939
0.00265851
0.0026522
0.00264208
0.00264935
0.00266931
0.00266577
0.00266354
0.0026409
0.00262571
0.00265649
0.00267971
0.00266943
0.00266155
0.00263359
0.00264027
0.00264402
0.00265459
0.00263874
0.00264749
0.00265814
0.00263565
0.00265855
0.00264114
0.00262781
0.0026454
0.00265105
0.00265564
0.00265399
0.00263712
0.00265799
0.00265706
0.00266305
0.00265921
0.00267834
0.00266585
0.00265751
0.00267723
0.00264713
0.00265489
0.00265877
0.00264586
0.00266842
0.00265156
0.00265716
0.00268481
0.00268263
0.00266652
0.0026647
0.00265286
0.00264625
0.00264938
0.00268341
0.00267145
0.00266843
0.00267343
0.00261817
0.0026492
0.00268508
0.00265862
0.00267024
0.00265509
0.00267378
0.002669
0.00264729
0.00264786
0.00266676
0.00265783
0.00264598
0.00263548
0.00265367
0.00262142
0.00265647
0.00265499
0.00265915
0.00266329
0.002659
0.00265264
0.00263911
0.0026583
0.00268227
0.00268281
0.00266247
0.00265787
0.00267936
0.00264901
0.00266472
0.00264743
0.00266755
0.00266593
0.00266087
0.0026665
0.00266619
0.00263646
0.00266224
0.00266593
0.00266305
0.00264172
0.00264942
0.00263283
0.00265656
0.0026616
0.00264651
0.00265629
0.00263886
0.0026457
0.00265879
0.00266224
0.00266329
0.00265698
0.00266852
0.00265739
0.00263344
0.00262648
0.00264925
0.00261864
0.00263181
0.00266672
0.00269758
0.00268623
0.00267817
0.00268365
0.00264579
0.00265718
0.00267634
0.00267429
0.00265808
0.00265641
0.00267163
0.00268587
0.00265936
0.00267423
0.00267688
0.00266969
0.00266441
0.00266691
0.00265833
0.00269253
0.00265831
0.00265993
0.00271196
0.00268215
0.00266729
0.0026842
0.00267665
0.00266752
0.00263429
0.00264424
0.00263988
0.00264459
0.00265363
0.00265247
0.00265567
0.00267832
0.00268189
0.00266422
0.00267521
0.00266907
0.0026702
0.00267304
0.00267448
0.00267434
0.00267502
0.00265346
0.00263854
0.0026729
0.00265807
0.00262911
0.00264797
0.00263593
0.00266522
0.00265078
0.00265353
0.00266196
0.00264415
0.00264751
0.00265762
0.00265777
0.00264618
0.00264738
0.00266708
0.00265142
0.00264443
0.00266002
0.00262872
0.0026422
0.00263849
0.00265279
0.00263714
0.00263758
0.00266232
0.0026519
0.00265138
0.00266582
0.0026519
0.00265577
0.00266299
0.00266577
0.00263649
0.00264608
0.00266143
0.00264417
0.00264847
0.00263607
0.00265413
0.0026498
0.0026751
0.00267547
0.0026691
0.00266517
0.00265252
0.00266186
0.00264986
0.00264182
0.0026645
0.00264417
0.00266335
0.00265564
0.0026504
0.00266424
0.00266999
0.00266292
0.0026625
0.00265795
0.00267456
0.00266726
0.00264433
0.00265344
0.00265469
0.00266517
0.00266399
0.00264824
0.00265955
0.00266988
0.00269202
0.00266587
0.00265442
0.0026851
0.00266884
0.00266333
0.00266146
0.00262933
0.00263007
0.00266192
0.00265845
0.00262347
0.00263454
0.00264271
0.00264017
0.00264553
0.00265054
0.00268001
0.00265397
0.00263578
0.00263698
0.00263831
0.00264459
0.00264386
0.00265728
0.00263913
0.0026579
0.00266667
0.00266257
0.00263478
0.00266286
0.00263632
0.00262891
0.00264038
0.00265667
0.0026431
0.00265056
0.00265622
0.00265473
0.0026595
0.00265365
0.00262328
0.00264594
0.00264343
0.00263609
0.00265395
0.00265778
0.00266388
0.00266796
0.00264651
0.00265563
0.00263969
0.00264903
0.00265708
0.00264425
0.00264809
0.00265579
0.00263475
0.00266875
0.00265193
0.00263144
0.00267538
0.00265248
0.00264744
0.00266556
0.00264876
0.002646
0.00264743
0.00265113
0.00265757
0.00263079
0.00266191
0.00265869
0.00267
0.00267261
0.00265123
0.00263688
0.00266922
0.00268414
0.00265043
0.0026731
0.00266525
0.00264778
0.00264552
0.00263763
0.00267579
0.00267306
0.0026815
0.00266512
0.00266748
0.00264395
0.00266325
0.00265006
0.00266402
0.00264894
0.00267434
0.00266184
0.00265287
0.00267215
0.00266238
0.00265353
0.0026512
0.00265603
0.00265138
0.00264301
0.00265599
0.00266341
0.00265469
0.00265899
0.00264567
0.00266451
0.00265212
0.00265357
0.00265131
0.00269004
0.0026582
0.00265228
0.00267214
0.00265675
0.00263868
0.00265374
0.00266753
0.00267816
0.0026765
0.00263207
0.00263776
0.00266049
0.00266508
0.00267678
0.00270709
0.00265218
0.00264092
0.00267212
0.00264947
0.00265027
0.00263321
0.00262702
0.00267064
0.0026767
0.00264916
0.00264645
0.00265333
0.00268711
0.00265704
0.00265058
0.00265158
0.00264974
0.00266894
0.00264529
0.00266351
0.00265431
0.00264069
0.00266684
0.00266065
0.00265719
0.00267824
0.00268444
0.00266813
0.00269961
0.00263947
0.00267437
0.00266826
0.00266124
0.0026541
0.00267641
0.00265534
0.00266257
0.00264678
0.002662
0.00267757
0.00265852
0.00268176
0.00267214
0.00264972
0.00264674
0.00267064
0.00265606
0.00269258
0.00265742
0.00267018
0.00264527
0.00266369
0.00266689
0.00265927
0.0026594
0.00268195
0.00266931
0.00266123
0.00266573
0.00266213
0.00265441
0.00265101
0.00265317
0.00267186
0.00265259
0.00265966
0.00266278
0.00265919
0.00265674
0.00265584
0.00266016
0.00265458
0.00266777
0.00265104
0.00263974
0.0026589
0.00265413
0.00266105
0.00268685
0.00265165
0.00265209
0.00266844
0.00264462
0.00265742
0.00265974
0.00265605
0.00264834
0.00267952
0.00266752
0.00265321
0.00266567
0.00263671
0.0026345
0.00263926
0.00264371
0.0026543
0.00267125
0.00267254
0.00265007
0.00262153
0.00262047
0.00265069
0.00266013
0.00263746
0.00266953
0.00268947
0.00265953
0.00264854
0.00267017
0.00265786
0.00265285
0.00274088
0.00269041
0.0026648
0.00267682
0.00264792
0.00265999
0.00266391
0.00264289
0.00264724
0.00266429
0.00266561
0.00265832
0.00265246
0.00264789
0.00266289
0.00265488
0.00265633
0.00265869
0.00263643
0.00264858
0.00264912
0.00267397
0.00271899
0.0026829
0.00266652
0.00266333
0.00268414
0.00266663
0.00269547
0.00267525
0.00266225
0.00267652
0.00270047
0.00267776
0.00266192
0.00265286
0.00264503
0.00265276
0.00266069
0.00266497
0.00267317
0.00268237
0.00266057
0.00266711
0.00266505
0.00263905
0.00263828
0.00266255
0.00265404
0.00267543
0.00267922
0.00269124
0.00265116
0.00266325
0.00270165
0.00266507
0.00266029
0.00268097
0.00264074
0.00262531
0.00266553
0.00265045
0.00267007
0.00265704
0.00265012
0.00266613
0.00267173
0.00267383
0.002655
0.00266453
0.00267774
0.00268963
0.00268029
0.00268936
0.00268959
0.00267263
0.00262673
0.00267216
0.00264535
0.00266448
0.00268452
0.00267309
0.00264927
0.00263586
0.00266267
0.00265835
0.00265661
0.00265826
0.00267271
0.0026763
0.00267633
0.00267692
0.00265305
0.00263409
0.00265965
0.00268243
0.00267708
0.00266338
0.00264262
0.00266926
0.00267563
0.00263424
0.00263739
0.00265188
0.00266772
0.00265406
0.00265158
0.00267485
0.00266976
0.00264907
0.00265217
0.00264078
0.00265318
0.00264715
0.00264462
0.0026548
0.00265533
0.00266133
0.00265439
0.00261553
0.00263469
0.00264691
0.00267436
0.00265733
0.00264968
0.00265537
0.0026364
0.00263164
0.00264394
0.00265616
0.00267285
0.00267588
0.00266895
0.00267495
0.00266585
0.00270161
0.0026791
0.00267024
0.00265349
0.00265191
0.00267405
0.0026525
0.00264079
0.00264543
0.00265723
0.00268048
0.00266378
0.00265777
0.00265247
0.00264904
0.0026701
0.00266569
0.0026423
0.00264605
0.00263949
0.00264868
0.00266224
0.00267236
0.00265854
0.0026681
0.00265646
0.00265363
0.00264819
0.00263528
0.00265585
0.00262418
0.00265587
0.00266036
0.00263698
0.00266097
0.00266512
0.0026492
0.00264889
0.00266464
0.00265629
0.00264261
0.00266165
0.0026558
0.00266188
0.00268579
0.0026646
0.00267683
0.00267633
0.00265989
0.00267285
0.00265789
0.00266661
0.0026505
0.00265178
0.00266466
0.00266962
0.00263789
0.00262847
0.00263985
0.00265723
0.00266527
0.00267988
0.00264822
0.00265365
0.00265339
0.00267317
0.00267116
0.00266706
0.00267052
0.00264302
0.00264331
0.00266738
0.00265255
0.0026548
0.00267873
0.00264473
0.00269948
0.00264382
0.00266161
0.00269441
0.00266679
0.00266085
0.00267791
0.0026572
0.00266384
0.00266475
0.00266371
0.00264587
0.00264618
0.00262561
0.00264097
0.00267003
0.00266905
0.00268219
0.00266837
0.00265965
0.00267427
0.00266013
0.00264546
0.00263763
0.00264146
0.00266614
0.00265109
0.00267053
0.0026749
0.00265268
0.00266429
0.0026838
0.00265024
0.00266047
0.00266375
0.00266318
0.00266664
0.00262585
0.00263312
0.00264093
0.00266575
0.00267792
0.00272168
0.00267275
0.00264854
0.0026449
0.00266612
0.00265594
0.00263618
0.00261399
0.00265397
0.00265792
0.00265053
0.00264325
0.00264378
0.00263249
0.00265198
0.0026717
0.0026498
0.00263124
0.00264113
0.00269295
0.00273214
0.00263398
0.0026533
0.00263101
0.00264637
0.00265842
0.0026537
0.00266075
0.00266305
0.00262977
0.00265693
0.00264116
0.0026465
0.00265892
0.00263557
0.00264914
0.00265296
0.00265483
0.00264129
0.00263468
0.00263278
0.00264291
0.00261969
0.00265965
0.0026482
0.0026525
0.0026517
0.00264441
0.00266608
0.00267212
0.00265668
0.00266743
0.00274429
0.00270309
0.00269487
0.00266109
0.00266675
0.00265009
0.00265657
0.00263224
0.00264339
0.0026562
0.00264871
0.00266486
0.00265329
0.00265032
0.00264564
0.00262808
0.00266665
0.00267216
0.00268143
0.00265861
0.00267953
0.00271218
0.00267181
0.00265823
0.00265373
0.00266143
0.0027042
0.00269091
0.00267533
0.00267234
0.00264418
0.00265487
0.00266799
0.00264998
0.00268075
0.00267022
0.00265178
0.00266821
0.00265177
0.00266534
0.00264366
0.00264052
0.00263305
0.002655
0.00265258
0.00265608
0.00263908
0.00265719
0.00263532
0.00266886
0.0026126
0.00265204
0.00263157
0.0026581
0.00265168
0.00265059
0.00265133
0.00266387
0.00264931
0.00264824
0.0026672
0.00265798
0.00265204
0.00264964
0.00264938
0.00263404
0.00264384
0.00266166
0.00265777
0.00264795
0.00267665
0.0026571
0.0026424
0.00268334
0.00263809
0.00263743
0.0026266
0.0026459
0.00265379
0.00264005
0.00264104
0.00264314
0.00266
0.00265157
0.00263979
0.00264969
0.00266861
0.00264045
0.00262695
0.00265296
0.002661
0.00264867
0.00266633
0.00266636
0.00264559
0.00265439
0.00267271
0.00263732
0.00264706
0.00267132
0.00268483
0.00266703
0.00264
0.00263593
0.00267462
0.00266553
0.00265069
0.00263948
0.00266632
0.00267052
0.00266504
0.00266209
0.00266233
0.00264559
0.00267396
0.00265332
0.00268054
0.00266417
0.00266637
0.00266611
0.00266314
0.0026575
0.00267975
0.0027035
0.00268193
0.00266164
0.00269968
0.00269512
0.00268198
0.00268782
0.00263846
0.00267218
0.00267011
0.00266477
0.00265527
0.00263909
0.00265069
0.00264545
0.00265331
0.00266925
0.00266269
0.00264831
0.00264606
0.00265075
0.00267769
0.00266533
0.00267292
0.00266841
0.00268939
0.00267473
0.00267891
0.00268096
0.00265729
0.00267962
0.00268848
0.00264773
0.00264132
0.00265224
0.00265783
0.00264848
0.00265026
0.00265652
0.00264273
0.00265707
0.00265323
0.00265351
0.00267833
0.00264256
0.00261452
0.00266666
0.00267951
0.00267487
0.00266235
0.00266402
0.0026631
0.00264738
0.00261868
0.0026435
0.00266765
0.002681
0.0026778
0.00265572
0.00264427
0.00264237
0.00265581
0.00267023
0.00266817
0.00268113
0.00267771
0.00265227
0.00266567
0.00267703
0.00265665
0.00267556
0.00267504
0.00266959
0.00267826
0.0026595
0.00265597
0.00262516
0.00265473
0.00267766
0.00265617
0.00266529
0.00267219
0.00265703
0.00265297
0.0026849
0.00266077
0.00265652
0.00268106
0.00266874
0.00266083
0.00266821
0.00267229
0.00267936
0.00266238
0.00267874
0.00267517
0.00265795
0.00267057
0.00267795
0.00267268
0.00265713
0.00266809
0.00264525
0.00267215
0.00265549
0.00265826
0.002656
0.00263213
0.00266832
0.00266697
0.00266196
0.00265833
0.00267272
0.00266645
0.00267654
0.0026646
0.00268494
0.00268503
0.00267994
0.00270122
0.00268697
0.0026983
0.00268091
0.00266519
0.00264728
0.00265876
0.00264978
0.00267773
0.00266939
0.00262926
0.0026555
0.00266495
0.00265824
0.00267577
0.0026377
0.00267439
0.00270073
0.00266162
0.00268871
0.00263645
0.00265312
0.00266205
0.00266418
0.0026479
0.00265831
0.00266477
0.00267303
0.00268783
0.0026776
0.00266316
0.00265375
0.00262996
0.00268272
0.00267909
0.00266832
0.00265834
0.00266915
0.00269828
0.00267161
0.0026568
0.002658
0.00264761
0.00264706
0.00265766
0.00267846
0.00266677
0.00264625
0.00267479
0.00264713
0.00265047
0.00265162
0.00265503
0.00265665
0.00263623
0.00264639
0.00263649
0.00265184
0.00264006
0.0026855
0.00266271
0.00264925
0.00267026
0.00266708
0.00267159
0.00267023
0.00268212
0.00273152
0.00265961
0.00267893
0.00265191
0.00268698
0.0026647
0.00265388
0.00266274
0.00267564
0.00264833
0.00265899
0.00265903
0.00265187
0.00266109
0.00267884
0.00264843
0.00266747
0.00265667
0.00266261
0.00268573
0.00267228
0.00267204
0.00265891
0.0026785
0.00264869
0.00267245
0.00266284
0.00265382
0.0026633
0.00266655
0.00267565
0.0026717
0.00264879
0.00266229
0.00268867
0.00266817
0.00270081
0.00266136
0.00265999
0.00267655
0.00265456
0.00266745
0.00264587
0.00265912
0.0026574
0.0026345
0.00264573
0.00265644
0.00267115
0.00268133
0.00264186
0.00264899
0.00264881
0.00264835
0.0026504
0.00266071
0.00263866
0.00264021
0.00265428
0.00265514
0.00265541
0.00266311
0.00265349
0.00266332
0.00264854
0.00264015
0.00266221
0.00265714
0.00266345
0.00265452
0.00265085
0.00265895
0.00264761
0.00264301
0.00264559
0.00266783
0.00266492
0.00264819
0.0026626
0.00264061
0.00268264
0.00264038
0.00264926
0.00267976
0.00264922
0.00266172
0.0026358
0.00263852
0.00267195
0.00265508
0.00270502
0.00267905
0.00267379
0.00264062
0.00266149
0.00266552
0.00266572
0.0026412
0.00266038
0.00269649
0.00264701
0.00264468
0.00265747
0.00267489
0.00266551
0.00267245
0.0026521
0.00265237
0.00266447
0.00265811
0.00263054
0.00266434
0.00267555
0.0026418
0.00266728
0.00266111
0.00265051
0.0026653
0.0026675
0.00265618
0.00264379
0.00265311
0.00266002
0.00265258
0.00267154
0.00265197
0.00263569
0.00265893
0.00263493
0.00266472
0.00265548
0.00261764
0.00262764
0.00264873
0.00265152
0.00265399
0.00265426
0.00266525
0.00267654
0.00265578
0.00265065
0.00262075
0.00265044
0.00264882
0.00266032
0.00264863
0.00265925
0.00264708
0.00264177
0.00264793
0.00264244
0.00264984
0.00265407
0.00263731
0.00265468
0.00266182
0.00266521
0.00266552
0.00267385
0.0026674
0.0026471
0.0026635
0.00266006
0.00266415
0.00267692
0.00266093
0.00264757
0.00263908
0.00265141
0.00267165
0.00266035
0.00267849
0.00264428
0.00263515
0.00265923
0.00264087
0.00264658
0.0026352
0.0026903
0.00264776
0.00264653
0.00263875
0.00264413
0.00269129
0.00266416
0.00265725
0.00264923
0.00266753
0.00266106
0.00264019
0.00268105
0.00265514
0.0026811
0.00265958
0.00266304
0.00266818
0.00265623
0.00262872
0.00265473
0.00265619
0.00266164
0.00265485
0.00263959
0.00265601
0.00268956
0.00270398
0.0026585
0.00267616
0.00263997
0.0026451
0.00264864
0.00266226
0.00264824
0.00265568
0.00263972
0.00265361
0.00266212
0.00265858
0.00266359
0.00265066
0.00265531
0.00266952
0.00266495
0.00263076
0.00265505
0.00265488
0.00261774
0.00263508
0.00264704
0.00264793
0.00268529
0.00267288
0.00263469
0.00262843
0.00263754
0.00264847
0.00264791
0.00264806
0.00262646
0.00266232
0.00264926
0.00264522
0.00265119
0.00264888
0.00266224
0.00266183
0.00266728
0.00267755
0.00268217
0.00267094
0.00264481
0.00264447
0.00262269
0.00262133
0.0026293
0.00266403
0.00263996
0.00263943
0.00264208
0.00265075
0.00264023
0.00264177
0.00262043
0.00264645
0.00267544
0.00265765
0.00263242
0.00265436
0.00264878
0.00265379
0.00264047
0.00264473
0.00265089
0.00263357
0.00263633
0.0026339
0.00265733
0.00264757
0.00266033
0.00267363
0.00266315
0.00264561
0.00264062
0.0026506
0.00263381
0.00263608
0.0026442
0.00266084
0.00266042
0.00266791
0.00263592
0.00266608
0.00263567
0.00264559
0.0026544
0.00264505
0.00261941
0.002645
0.00266008
0.00262513
0.00261789
0.00265376
0.00263044
0.00263066
0.00262641
0.0026179
0.00264046
0.00265345
0.00264139
0.00261364
0.002612
0.00264165
0.00264409
0.00264442
0.0026524
0.00264714
0.00264474
0.00263352
0.00264939
0.00263172
0.00264032
0.00263702
0.00263213
0.0026591
0.00264923
0.00260469
0.00262267
0.00263999
0.00263521
0.00263687
0.00264444
0.00263721
0.00263733
0.00261629
0.00262968
0.00264123
0.002663
0.00263536
0.00264642
0.00266428
0.00266718
0.00261603
0.00264721
0.00265554
0.00266196
0.00264264
0.00262887
0.00264325
0.00263439
0.00263953
0.00264599
0.00264839
0.00261975
0.00261181
0.00263203
0.00263466
0.002659
0.00262905
0.00263026
0.00264028
0.00264113
0.00266401
0.00266982
0.00266158
0.00262327
0.0026614
0.00264393
0.00264147
0.00264965
0.00262598
0.00261395
0.00262216
0.00265673
0.0026363
0.00264444
0.00263427
0.00264828
0.00264308
0.00263293
0.00265172
0.00264976
0.00264857
0.00263577
0.00264271
0.00266649
0.00266351
0.00263101
0.00263397
0.00263261
0.00266651
0.00267237
0.00267085
0.00265451
0.00263805
0.00264411
0.00263632
0.0026407
0.00263992
0.00264122
0.0026461
0.00266686
0.00263903
0.00265323
0.00265651
0.00264391
0.00264274
0.00261791
0.00264035
0.00264104
0.00262544
0.0026216
0.00265136
0.00264276
0.0026502
0.00265393
0.00262641
0.00263706
0.00263602
0.00264436
0.0026196
0.00262498
0.0026407
0.00264453
0.00264047
0.00265487
0.00265508
0.00263386
0.00263773
0.00263712
0.00264587
0.00264271
0.00261082
0.00262498
0.00263391
0.00265296
0.00260843
0.00261462
0.00262281
0.00263141
0.00262686
0.0026592
0.0026505
0.00263115
0.00260989
0.00263818
0.00264385
0.00265906
0.00261066
0.00263567
0.0026589
0.00264128
0.00265121
0.00265496
0.00265236
0.00263263
0.00263909
0.00265076
0.00265887
0.00267752
0.00264658
0.00266264
0.00264436
0.00262002
0.00264128
0.00263274
0.00266562
0.00265084
0.00264669
0.00264505
0.00264297
0.00266684
0.00265392
0.00264923
0.0026735
0.0026485
0.00263742
0.00263489
0.00264599
0.00262826
0.00262628
0.00263906
0.00266186
0.0026402
0.0026425
0.00263728
0.00266318
0.00263295
0.00264567
0.00267763
0.00264504
0.00265061
0.00262833
0.00261351
0.00262442
0.00266553
0.00264366
0.00262901
0.00263463
0.00265574
0.00266696
0.00265116
0.0026267
0.0026494
0.00264961
0.00264372
0.00265145
0.00265055
0.00264467
0.00262624
0.00261889
0.00264999
0.00262889
0.00264178
0.00264657
0.00264293
0.00266111
0.0026641
0.00263594
0.0026403
0.00262597
0.00264258
0.00265405
0.00262817
0.00264412
0.00262524
0.00263998
0.00268272
0.00267033
0.00263138
0.00263338
0.00264767
0.00262615
0.00263148
0.00266187
0.00264042
0.00264175
0.00261891
0.00265943
0.00268777
0.00265101
0.00264423
0.00263059
0.00265285
0.00266069
0.0026593
0.00265248
0.00261411
0.0026496
0.00266018
0.00264954
0.00263974
0.0026298
0.00262691
0.00266864
0.00265996
0.00266139
0.00264566
0.0026607
0.00267655
0.00265633
0.00266398
0.00264101
0.00265675
0.00266141
0.00265301
0.00264571
0.00264522
0.00264188
0.00265631
0.0026374
0.00267098
0.0026386
0.00263628
0.00261498
0.00263379
0.00263576
0.00265421
0.00263324
0.00262139
0.00262078
0.00262354
0.00261471
0.0026381
0.00264516
0.00266481
0.0026614
0.00263276
0.00265739
0.00265368
0.00264455
0.00265674
0.00264006
0.002633
0.00264738
0.00266446
0.00263033
0.00264096
0.00262402
0.00263097
0.0026212
0.00266871
0.0026513
0.00264201
0.00265664
0.00264321
0.00263252
0.00261371
0.00266789
0.00264441
0.00263814
0.00265043
0.00263747
0.00264112
0.00263436
0.00264529
0.00263974
0.00266107
0.0026443
0.00264199
0.0026409
0.0026403
0.0026617
0.00262904
0.00263249
0.00263692
0.00263982
0.00265827
0.00263236
0.00266287
0.0026617
0.00266069
0.00266671
0.0026515
0.00266602
0.00266649
0.002661
0.0026779
0.00266471
0.00266572
0.00266578
0.00264918
0.00267931
0.00269844
0.0026694
0.00265355
0.00266887
0.00266002
0.00265059
0.00263078
0.002642
0.00265461
0.00265971
0.00263158
0.00264241
0.00264205
0.00265281
0.00263902
0.00264744
0.00262382
0.0026153
0.00264718
0.00267731
0.00266219
0.00263667
0.00263092
0.00265007
0.0026421
0.00263963
0.0026422
0.00264873
0.00263227
0.00264764
0.00264552
0.00264686
0.00265988
0.00265278
0.0026429
0.00263594
0.00264629
0.00263836
0.00264835
0.00264567
0.00266291
0.00263932
0.00266277
0.00265468
0.00268103
0.00265496
0.00265683
0.00267377
0.0026797
0.00264095
0.00266091
0.00262089
0.00264477
0.00265228
0.00264762
0.00270275
0.0026632
0.00263136
0.00265392
0.00263775
0.00268245
0.00270881
0.00277982
0.00267039
0.00293814
0.0026955
0.00274989
0.00299897
0.00272201
0.00281609
0.00282317
0.00264363
0.00270692
0.00269745
0.00266337
0.00268586
0.00265695
0.00266037
0.00262606
0.00265261
0.00266811
0.00266994
0.0027111
0.00269068
0.00264826
0.00265622
0.00264689
0.00263562
0.00264208
0.00263759
0.00263295
0.00265979
0.00267289
0.00265188
0.00266728
0.00264807
0.00265467
0.00263318
0.00267624
0.00267501
0.00266402
0.00264056
0.00264393
0.00263466
0.00264825
0.00262344
0.00268025
0.00266804
0.00264121
0.0026384
0.00263668
0.00264067
0.00268204
0.00264711
0.00261945
0.00262733
0.00262691
0.00262994
0.00266142
0.00262201
0.00262081
0.00261494
0.00265519
0.0026269
0.00266057
0.00261347
0.00264873
0.00261795
0.00259037
0.00261336
0.0026263
0.00258868
0.0026313
0.00263257
0.00263228
0.0026394
0.00264759
0.00263457
0.00265255
0.00265059
0.00265137
0.00263465
0.00266682
0.00266892
0.00266172
0.00265864
0.00267944
0.00271757
0.00271675
0.00269738
0.00273192
0.00269271
0.002683
0.00264961
0.00266506
0.00267485
0.00264716
0.00266513
0.00267483
0.00264072
0.00265974
0.00265132
0.00265387
0.00264503
0.00263215
0.0026422
0.00267664
0.00267549
0.00266834
0.00264535
0.00266964
0.00263181
0.00264419
0.00264973
0.00266179
0.0026354
0.00265251
0.00266491
0.00265599
0.00267938
0.00266255
0.00265052
0.00265509
0.0026672
0.0026555
0.00265326
0.00265004
0.0026352
0.00266314
0.00264777
0.00261454
0.00265023
0.00265695
0.00266068
0.00267008
0.002622
0.00264174
0.00263784
0.00263265
0.00262397
0.00262334
0.00263751
0.00264068
0.00264029
0.00268911
0.00265354
0.0026281
0.00265619
0.00263252
0.00262826
0.0026258
0.002641
0.00264921
0.00263921
0.00264781
0.002642
0.00261529
0.00260472
0.00263203
0.00262395
0.00265465
0.00264024
0.00263037
0.0026442
0.0026435
0.00261747
0.00263184
0.00262137
0.00261948
0.00263278
0.00262895
0.00262579
0.0026088
0.0026158
0.0026401
0.00264319
0.00263243
0.00264775
0.00264441
0.00264848
0.00262371
0.00264368
0.0026488
0.00265775
0.00265342
0.00262816
0.00263484
0.00263446
0.0026084
0.00263951
0.00263488
0.00263545
0.00264515
0.00265409
0.00265142
0.0026796
0.00262937
0.00266094
0.00265949
0.00265285
0.00265974
0.00266465
0.00264102
0.00264531
0.00262951
0.00262904
0.00264075
0.00267807
0.00266668
0.00265421
0.00265793
0.00266016
0.00265733
0.00263093
0.00262348
0.00263338
0.00265201
0.00264696
0.00262587
0.00264341
0.00262598
0.00266553
0.00263813
0.00261758
0.00263756
0.00266437
0.00264859
0.00263916
0.00265417
0.00265978
0.00265427
0.00264831
0.00265688
0.00263814
0.00264409
0.00263893
0.00264119
0.0026388
0.0026346
0.0026481
0.00264583
0.00265258
0.00264366
0.00267138
0.00265607
0.00263297
0.00264412
0.00262927
0.00262811
0.00262691
0.0026306
0.00260354
0.00261738
0.00264362
0.00263003
0.00265731
0.00263386
0.00262936
0.00265404
0.00265839
0.00264626
0.00263292
0.0026452
0.00265071
0.00264197
0.0026421
0.00262527
0.00264369
0.00263864
0.00264732
0.00265198
0.00265548
0.00265061
0.00264302
0.00264606
0.00262472
0.00263488
0.00264489
0.00265384
0.00265282
0.00264347
0.00263003
0.00262359
0.00265114
0.00262145
0.00264431
0.00265527
0.00268886
0.00269147
0.00266582
0.00266324
0.00266266
0.00265609
0.00263874
0.00267234
0.00266372
0.00266458
0.00264494
0.00263639
0.0026651
0.00268856
0.00265386
0.00266536
0.00265759
0.00264142
0.00265974
0.00263333
0.00263613
0.00263991
0.00262362
0.00265296
0.00264608
0.00265034
0.00263643
0.00263699
0.00262999
0.00263768
0.00264815
0.00267457
0.00265337
0.00262881
0.00261958
0.00263367
0.00263424
0.0027419
0.00268294
0.00266521
0.00266057
0.00264109
0.00265352
0.00265284
0.00262697
0.00262343
0.00265642
0.00267194
0.00261445
0.0026551
0.00263718
0.00263502
0.0026441
0.0026689
0.00264185
0.00267058
0.00264065
0.00269833
0.00269171
0.0026846
0.00267818
0.00264562
0.00266095
0.00266782
0.0026589
0.00264437
0.0026532
0.00263268
0.00264847
0.0026746
0.00266766
0.00262377
0.00264668
0.00265118
0.00266885
0.00265718
0.00263473
0.00264409
0.00265652
0.00263744
0.00262824
0.00262025
0.00262841
0.00264952
0.00264868
0.00265777
0.00266533
0.0026494
0.00264065
0.00264685
0.00263615
0.00262934
0.00264621
0.00263193
0.00264741
0.00265545
0.00263464
0.00263044
0.00263015
0.00263177
0.00263574
0.00264628
0.00261039
0.00260515
0.00264207
0.0026521
0.0026281
0.00264181
0.00263491
0.00263768
0.00262239
0.00263246
0.00262783
0.00262225
0.00262375
0.00264341
0.00267268
0.0026415
0.00266424
0.00264226
0.00261284
0.0026403
0.00264699
0.00262303
0.00261106
0.00262731
0.00262896
0.00263997
0.00262347
0.00264217
0.0026532
0.00264361
0.0026481
0.00267252
0.00264037
0.00261003
0.00263811
0.00263836
0.00263908
0.0026315
0.00261989
0.00264599
0.0026397
0.00262179
0.00260105
0.00259355
0.00260082
0.00261887
0.00259529
0.00260897
0.00264023
0.00261032
0.0026316
0.00264363
0.0026266
0.00263023
0.00262692
0.00262375
0.0026266
0.00263275
0.00263329
0.00263039
0.00262918
0.00263622
0.00262957
0.00262191
0.00261183
0.00262985
0.00261406
0.00262711
0.00263621
0.00263356
0.00263028
0.00263101
0.00261092
0.00264071
0.00263
0.00262769
0.00262265
0.0026299
0.00261793
0.00259845
0.00260493
0.00262613
0.00262705
0.00262193
0.00263528
0.00262373
0.00262792
0.00262765
0.00261106
0.00262094
0.0026045
0.00263448
0.00263544
0.00261774
0.00259932
0.0026173
0.00262774
0.00264709
0.0026431
0.00263472
0.00259312
0.00262175
0.00262971
0.0026273
0.00266294
0.00265327
0.00261227
0.00260586
0.00262632
0.00266434
0.00262488
0.00262413
0.00262791
0.00261262
0.00260491
0.00262426
0.00262385
0.0026406
0.00266605
0.00263694
0.00261735
0.0026247
0.00261785
0.00261697
0.00262998
0.00263423
0.00262671
0.00263753
0.00260784
0.00262771
0.0026272
0.00260636
0.00262293
0.00263652
0.00264938
0.00263215
0.00263036
0.00262291
0.00264583
0.00266564
0.00265342
0.00264625
0.0026276
0.00262764
0.00260551
0.00260535
0.00262965
0.00264021
0.00263588
0.00263486
0.00262841
0.00261015
0.00261652
0.0026142
0.00264633
0.00265193
0.00264955
0.00263701
0.00262669
0.00262207
0.00263685
0.00262026
0.00260343
0.00261593
0.00263932
0.0026284
0.00263883
0.00262178
0.00262338
0.00264306
0.00265041
0.00262839
0.00263003
0.0026137
0.00262803
0.00260514
0.00263964
0.00263866
0.00263216
0.00265951
0.00262872
0.00263577
0.00264313
0.00263574
0.00263125
0.00264608
0.00264798
0.00263355
0.0026339
0.00266006
0.00263519
0.00265175
0.00263869
0.00261798
0.00260508
0.00261222
0.00261859
0.00262149
0.00262528
0.00262865
0.00261134
0.0026333
0.00261473
0.00263162
0.00264239
0.00262239
0.00261109
0.00263525
0.00265027
0.00262569
0.0026282
0.00263501
0.00263671
0.00261798
0.0026326
0.00262672
0.0026295
0.00263605
0.00262289
0.00263371
0.00265275
0.00262403
0.00262486
0.00265734
0.00263114
0.00261266
0.00262171
0.00263659
0.00263223
0.00262911
0.00265786
0.00260821
0.00261447
0.0026271
0.00263406
0.00261457
0.00265096
0.00263914
0.00265799
0.00262029
0.00261602
0.00262713
0.0026181
0.00262516
0.00262836
0.00262652
0.00263104
0.00260774
0.00264175
0.0026462
0.00262496
0.00261972
0.00261514
0.00260762
0.00261624
0.00262833
0.00259245
0.00262144
0.00262453
0.00260314
0.00261635
0.00263639
0.00261624
0.00263121
0.00263091
0.00261827
0.00262269
0.00262196
0.00262453
0.00261901
0.00262545
0.00265416
0.00262289
0.00262699
0.00261054
0.00259849
0.0025934
0.0025946
0.0026268
0.00261221
0.00262426
0.00261341
0.00263722
0.00263327
0.00265203
0.00262881
0.00260106
0.00261574
0.00264077
0.00264593
0.00261875
0.00263306
0.00264061
0.00262912
0.00262625
0.00261161
0.00262935
0.0026209
0.00263487
0.00262217
0.00266536
0.00264769
0.00263555
0.00262333
0.00263767
0.00260484
0.00262219
0.00262734
0.00260513
0.00262155
0.00261326
0.00261553
0.00261818
0.00261592
0.00261615
0.00262344
0.00262566
0.0026165
0.00262034
0.00262329
0.00262957
0.00261335
0.00262754
0.00261255
0.00263859
0.0026202
0.00260411
0.00263534
0.00262903
0.0026299
0.00264922
0.00264257
0.00261368
0.00262709
0.0026219
0.00261016
0.00264284
0.00261697
0.0026398
0.00263653
0.00263799
0.00263611
0.00260715
0.00264183
0.00263348
0.00263057
0.00263327
0.0026179
0.00263605
0.00261258
0.0026195
0.0026268
0.00262396
0.00263189
0.00263493
0.00263885
0.00263405
0.00262101
0.00261181
0.00264539
0.0026511
0.00263006
0.0026344
0.0026409
0.0026568
0.00265518
0.00263504
0.00265375
0.00264115
0.00261528
0.00262997
0.00263988
0.00264474
0.00263701
0.00264747
0.0026254
0.0026318
0.00262689
0.0026163
0.00262464
0.00264912
0.00263349
0.0026437
0.00264446
0.00263326
0.00262646
0.002648
0.00263552
0.00263716
0.00262605
0.00263458
0.00262023
0.0026395
0.00264737
0.00259399
0.0026205
0.00262509
0.00262296
0.00263083
0.0026315
0.00261785
0.00260283
0.0026164
0.00261667
0.00261996
0.00261485
0.00259356
0.00262214
0.00263032
0.00263223
0.00264654
0.00267529
0.00262057
0.00264956
0.00263832
0.00265058
0.00264014
0.00261347
0.0026058
0.00260249
0.00261645
0.00262055
0.00264738
0.00263212
0.00260946
0.00260652
0.00261962
0.00262907
0.00264408
0.00263597
0.00263434
0.00263052
0.0026265
0.00264822
0.00263066
0.00262688
0.002622
0.00262735
0.00263097
0.00262262
0.00263075
0.00260916
0.00261581
0.00262625
0.00261846
0.00262163
0.00261507
0.00262246
0.00263026
0.0026219
0.00265349
0.00264036
0.00262126
0.0026318
0.00264269
0.00265578
0.00262368
0.00260622
0.00263035
0.00259883
0.00264039
0.00263524
0.00262807
0.00261993
0.00264955
0.00267439
0.00265367
0.00263318
0.00263295
0.00261309
0.00262493
0.00263762
0.00263944
0.00262312
0.00263469
0.00265162
0.00262065
0.00264397
0.00263921
0.00264259
0.00262724
0.00264713
0.00264584
0.00262344
0.00260992
0.00262568
0.0026194
0.00262165
0.00264839
0.00262656
0.0026247
0.0026374
0.00263487
0.00263324
0.00261647
0.00263215
0.00262241
0.00263911
0.00261937
0.0026012
0.00259833
0.00262493
0.00260761
0.00262447
0.00260329
0.002635
0.00263681
0.00262349
0.00263354
0.002629
0.00262563
0.0026325
0.00262171
0.0026181
0.00263791
0.00263716
0.00261806
0.00264163
0.0026471
0.002625
0.00261973
0.00264763
0.00263935
0.0026357
0.00262675
0.00263423
0.00263917
0.00262322
0.00262959
0.00263433
0.00265649
0.00262639
0.00261825
0.00264358
0.00262854
0.00262815
0.00263864
0.00261972
0.00260403
0.00261167
0.00261906
0.00263007
0.00264494
0.00265889
0.00264454
0.00263799
0.00263002
0.00262964
0.00262988
0.00265005
0.00262701
0.00263453
0.0026398
0.00264974
0.00264178
0.0026427
0.0026176
0.00262707
0.00262427
0.00262823
0.00260579
0.00260835
0.00262179
0.00262078
0.0026033
0.00263109
0.00265743
0.00263827
0.00263975
0.00264801
0.00264356
0.00262957
0.00265097
0.00263851
0.00264747
0.00268365
0.00262416
0.00265106
0.00265346
0.00265715
0.00264277
0.00266065
0.00265128
0.00264264
0.00264067
0.00262241
0.00262887
0.00263634
0.00263487
0.0026273
0.00261266
0.00263424
0.00261235
0.00261354
0.00263856
0.0026529
0.0026329
0.00261494
0.00263255
0.00264244
0.00264128
0.0026504
0.00262638
0.00262324
0.00263222
0.00264156
0.00264861
0.00263184
0.00265496
0.00263734
0.00262841
0.00260861
0.00262839
0.00264323
0.00266333
0.00266101
0.00261524
0.00261379
0.00262194
0.00261031
0.00263664
0.00259584
0.00260957
0.00262166
0.00264246
0.00262322
0.0026192
0.00263948
0.00261212
0.00261637
0.00261904
0.00263311
0.00264968
0.00262354
0.00260176
0.00264016
0.00264487
0.00261127
0.00264888
0.0026179
0.00262627
0.00264112
0.00265502
0.00263888
0.0026671
0.00265023
0.00263115
0.00265002
0.0026476
0.00263263
0.00262992
0.0026343
0.00264128
0.00261105
0.00263463
0.00262982
0.00263577
0.00264794
0.00264248
0.00261933
0.0026122
0.00262152
0.00262885
0.00263368
0.00264022
0.00262997
0.0026289
0.00264201
0.00264773
0.00261733
0.00261885
0.00261503
0.00261875
0.00262788
0.00262797
0.00263272
0.00266071
0.00264266
0.00262886
0.00265133
0.00263732
0.00262422
0.00264049
0.00263198
0.00264899
0.00264749
0.00265467
0.00265169
0.00262987
0.0026552
0.00263047
0.00263982
0.00263184
0.00266374
0.0026342
0.00263995
0.00262979
0.00261739
0.00264947
0.00264108
0.00263791
0.00264106
0.00265002
0.00262629
0.00262444
0.00264459
0.00262589
0.00260903
0.0026418
0.00264624
0.00262833
0.00262776
0.00261746
0.00261628
0.00261804
0.00262494
0.00261551
0.00262634
0.00263995
0.00264883
0.00263016
0.00263523
0.00262891
0.00264214
0.00263784
0.002663
0.00263891
0.00262894
0.0026376
0.00264572
0.00265217
0.00263633
0.00262795
0.00262573
0.00262245
0.00265832
0.00263726
0.0026132
0.00263061
0.00262515
0.00263043
0.00262769
0.00263518
0.00263042
0.00262229
0.00263171
0.00263532
0.00263972
0.00261849
0.00262075
0.00265034
0.00266756
0.00262165
0.00263908
0.00264165
0.00261242
0.0026186
0.00262723
0.00265647
0.00264729
0.00263612
0.00266235
0.0026664
0.00262332
0.00264511
0.00264102
0.00264402
0.00265365
0.00263802
0.00264193
0.00263925
0.0026383
0.00264203
0.00264494
0.00264332
0.00262876
0.00265544
0.00264388
0.00264412
0.00263108
0.00264446
0.00264882
0.00267314
0.00265799
0.00265882
0.00263985
0.00264126
0.0026266
0.00264949
0.00264766
0.00263043
0.00262484
0.0026231
0.00264752
0.00265668
0.00262196
0.00262127
0.00263394
0.00265407
0.00261583
0.00262546
0.0026375
0.00264273
0.00264108
0.00261138
0.00262569
0.00264121
0.00262831
0.00265608
0.00262391
0.00261923
0.00265099
0.00263769
0.00261689
0.0026283
0.00262364
0.00262913
0.00263122
0.00264272
0.0026507
0.00264328
0.00263487
0.00264434
0.00263817
0.00265193
0.00264448
0.00264126
0.00266026
0.00264216
0.00262587
0.0026312
0.00262965
0.0026613
0.00264268
0.00261887
0.00265445
0.00262337
0.0026212
0.00263077
0.00262414
0.00261864
0.0026354
0.00264302
0.00263256
0.00262377
0.00262844
0.00263784
0.00263309
0.00262431
0.00263384
0.00266315
0.00262892
0.0026264
0.00262479
0.00264565
0.00264475
0.00263414
0.00263038
0.00262252
0.00264339
0.0026402
0.0026135
0.00259956
0.00262726
0.00265219
0.00264922
0.00264067
0.002639
0.00262119
0.00264158
0.00264314
0.00264376
0.00260084
0.00261768
0.0026675
0.00263518
0.00263732
0.00266479
0.00265584
0.00261479
0.00261638
0.00261345
0.00263207
0.00264201
0.0026273
0.00262823
0.00261569
0.00260391
0.00260719
0.00261349
0.00264176
0.00261807
0.0026019
0.00262544
0.00262052
0.00262666
0.00262776
0.00263831
0.00264925
0.00264841
0.00262983
0.00263748
0.00265106
0.00264101
0.00264156
0.00263185
0.00262894
0.00263341
0.00263853
0.00262158
0.0026164
0.00263
0.00263512
0.00262484
0.00262246
0.00262795
0.00261176
0.00261872
0.00264526
0.00264325
0.00265472
0.00261696
0.0026239
0.00264398
0.00263705
0.00263297
0.00261916
0.00263526
0.00262053
0.00264945
0.00264017
0.00263155
0.00263535
0.00262912
0.00263127
0.00265737
0.00265778
0.00264639
0.00264801
0.00263069
0.00265303
0.00260309
0.00261214
0.00261564
0.00262904
0.00262056
0.00263621
0.00264775
0.0026236
0.00263309
0.00262962
0.00262039
0.00261876
0.00263633
0.00265955
0.00263524
0.00263793
0.00263792
0.00263084
0.00264321
0.00265764
0.00263245
0.00265032
0.0026335
0.00263584
0.00264142
0.00262793
0.00265494
0.0026295
0.00262353
0.00263049
0.00263338
0.00264509
0.00263873
0.00262566
0.00262905
0.00262477
0.00261648
0.00261227
0.00266478
0.00263983
0.00265253
0.00263773
0.00262499
0.00263413
0.00263606
0.00263273
0.00264093
0.0026407
0.00262511
0.00262877
0.00264357
0.00265161
0.00262235
0.00262246
0.00261262
0.00262384
0.00263032
0.00266165
0.002651
0.00261142
0.00265297
0.00267012
0.00262876
0.00262768
0.00262844
0.00263526
0.00262951
0.00263448
0.00262759
0.00264059
0.0026142
0.00263375
0.00262143
0.0026453
0.00263932
0.00263956
0.00263671
0.00264107
0.00264203
0.00265281
0.00264914
0.0026133
0.00262445
0.00261695
0.00262339
0.00262783
0.00261452
0.00263006
0.00265788
0.00262894
0.00260672
0.00261293
0.00264795
0.0026429
0.00264353
0.00262748
0.00264479
0.00265907
0.00263133
0.00262466
0.00261551
0.00262257
0.00263733
0.00264959
0.00261322
0.00265125
0.0026248
0.00262649
0.00262022
0.00264269
0.00260291
0.00261524
0.00260379
0.00262666
0.00266023
0.00265701
0.00264942
0.00263539
0.00266264
0.00263513
0.00263347
0.00264346
0.0026456
0.00262111
0.00265307
0.00261459
0.00262645
0.00264113
0.00260896
0.00262033
0.00265025
0.00263155
0.00264063
0.0026226
0.0026248
0.00260195
0.0026199
0.00260269
0.00261393
0.00263314
0.00262852
0.00260588
0.00262632
0.00263022
0.00262174
0.00261972
0.00260206
0.00263038
0.00262329
0.00262572
0.00260638
0.00263063
0.00265072
0.00260618
0.00261352
0.00264511
0.00263715
0.00263648
0.00262129
0.00263455
0.00263332
0.00262056
0.00264629
0.00261773
0.00261267
0.00262271
0.00263319
0.00261073
0.00259994
0.00260507
0.00262299
0.00261627
0.00263227
0.00266064
0.0026461
0.00264438
0.00263176
0.00263276
0.002612
0.00261496
0.00263617
0.00261374
0.00263834
0.00266571
0.00263968
0.00262872
0.00265887
0.00260925
0.00263103
0.00262729
0.0026354
0.00263729
0.00263296
0.00263869
0.0026078
0.00262442
0.00262771
0.00265232
0.00264031
0.00263184
0.00261775
0.00262437
0.00261947
0.00261656
0.00261793
0.00263581
0.00264276
0.00263153
0.0026458
0.00265357
0.00260694
0.00262456
0.00265632
0.00263267
0.00261543
0.00263861
0.00262054
0.00263635
0.0026567
0.00263742
0.00265645
0.00264777
0.00265292
0.00261963
0.00263004
0.00261756
0.00265011
0.00263616
0.00264012
0.00262945
0.0026217
0.00262244
0.00265571
0.0026338
0.0026194
0.00263978
0.00263716
0.00266117
0.00261911
0.00260631
0.00263641
0.00264618
0.00264921
0.00264394
0.00262955
0.00264549
0.00263137
0.00264025
0.00263372
0.00261312
0.00261697
0.00261169
0.00263026
0.00261582
0.00259616
0.00264485
0.00264764
0.00268265
0.00262438
0.00260167
0.00264892
0.00263161
0.00263407
0.00264762
0.00263108
0.00262915
0.00262582
0.00263885
0.00264531
0.00263237
0.00263516
0.0026445
0.0026505
0.00265145
0.00263761
0.00264089
0.00262573
0.00262863
0.00264279
0.0026484
0.00263105
0.00263903
0.0026201
0.00262993
0.00264551
0.00262515
0.00263316
0.00266189
0.00263924
0.00263113
0.00261678
0.00262778
0.00261456
0.00262977
0.0026344
0.00264939
0.0026502
0.00263367
0.00262589
0.00263495
0.00266641
0.00264335
0.00262381
0.00262829
0.00262751
0.00262387
0.00261836
0.00265129
0.00267379
0.00262701
0.00261498
0.0026081
0.00260876
0.00262759
0.00262161
0.00264001
0.00263427
0.00260737
0.00260621
0.00262947
0.00264749
0.00264101
0.00263663
0.00264517
0.00264561
0.00264296
0.00263439
0.00262918
0.00262053
0.00263381
0.00264013
0.00263697
0.00264486
0.002631
0.0026325
0.00261755
0.00264072
0.0026491
0.0026368
0.00262196
0.00262692
0.00262692
0.00263016
0.00263249
0.002638
0.00263632
0.0026391
0.00262862
0.00261563
0.00262021
0.00262461
0.00264535
0.00262854
0.00262716
0.00262558
0.0026131
0.00263857
0.00264172
0.00264904
0.00263772
0.00264391
0.00264539
0.00265087
0.00261911
0.00264624
0.00264838
0.00264081
0.002622
0.00262651
0.00262414
0.00264526
0.00263156
0.00262093
0.00265138
0.00266446
0.00265397
0.00263858
0.00261489
0.00262119
0.00263063
0.00262675
0.00266134
0.0026321
0.00263795
0.00267108
0.00263003
0.00259834
0.00262982
0.00263165
0.00261244
0.00261432
0.00263124
0.00262556
0.00263394
0.00262632
0.00261998
0.00264088
0.00262386
0.0026183
0.00264726
0.00265278
0.00262251
0.00262642
0.00264983
0.00263467
0.00265605
0.0026473
0.00263981
0.00263497
0.00265709
0.00263717
0.00265837
0.00263871
0.00264691
0.00263073
0.00265776
0.00260994
0.00260581
0.00261201
0.00263135
0.0026527
0.00262578
0.00263983
0.00264921
0.00264771
0.00265507
0.00262947
0.00264572
0.00262032
0.00264154
0.0026505
0.00263037
0.00262992
0.00265342
0.00264218
0.00261391
0.00262292
0.00261747
0.00265154
0.00262124
0.00262961
0.00265081
0.00264941
0.00265523
0.00265431
0.0026156
0.00264241
0.00263636
0.0026178
0.00263514
0.00265227
0.00262707
0.00264859
0.00264184
0.00264363
0.00262644
0.00261675
0.00261761
0.00261979
0.00263337
0.00264663
0.00265769
0.00265609
0.00263488
0.00261625
0.00263741
0.00265093
0.00266096
0.00262427
0.0026287
0.00262285
0.00262845
0.00262892
0.00263056
0.00263682
0.00262105
0.0026738
0.00264528
0.00263295
0.00262499
0.00262539
0.00263223
0.00263092
0.00262976
0.0026431
0.00261036
0.00260162
0.00262222
0.00263707
0.00261907
0.0026856
0.00265078
0.00261858
0.00262461
0.00263783
0.00263454
0.00265069
0.00264469
0.00262823
0.00264261
0.0026548
0.00264894
0.00265862
0.00264305
0.00262242
0.0026323
0.00264132
0.00263584
0.0026426
0.00264597
0.00262078
0.00265873
0.00264566
0.00262845
0.00263212
0.00262796
0.00263512
0.00262846
0.0026567
0.0026388
0.00263545
0.00262829
0.00263337
0.0026116
0.00263407
0.00264171
0.00261165
0.00263933
0.00261675
0.00265417
0.00263377
0.00262793
0.00263824
0.00262255
0.00263666
0.00262909
0.00262695
0.00262136
0.00263497
0.00264498
0.00262495
0.00261574
0.00264446
0.00264893
0.00264026
0.00262899
0.00260146
0.00264165
0.00263072
0.00263916
0.0026422
0.00264671
0.00263923
0.00264707
0.00263054
0.00261337
0.00263131
0.00261268
0.00261834
0.00262482
0.00262079
0.00263994
0.00264616
0.00262739
0.00263327
0.00263453
0.00263043
0.00260954
0.00262323
0.00265437
0.00265305
0.00264062
0.00263873
0.00267191
0.0026393
0.00262772
0.00263076
0.00263486
0.00263245
0.00264531
0.00264461
0.00264753
0.0026343
0.00264141
0.00265415
0.00264454
0.00263601
0.00263068
0.00261709
0.00264433
0.00265738
0.00265612
0.00264228
0.00264839
0.00263209
0.00262822
0.00260364
0.00262531
0.00264121
0.00264975
0.00264229
0.0026379
0.00262741
0.00262862
0.00265193
0.00261531
0.00262996
0.00260725
0.00262626
0.00263339
0.00262324
0.00264949
0.00263759
0.00262082
0.00262084
0.00260367
0.00260479
0.00262803
0.00266648
0.00262429
0.00260835
0.00261471
0.00263398
0.00264356
0.00264427
0.00264331
0.002616
0.00264149
0.00262037
0.00262713
0.00262457
0.00264884
0.00260819
0.00263347
0.00260721
0.00262108
0.00264269
0.00263645
0.00260456
0.00263964
0.00263462
0.00263039
0.00263853
0.00261863
0.00263287
0.00263106
0.00262508
0.00262746
0.00264034
0.00261107
0.00262417
0.00262398
0.00262902
0.00265916
0.00262424
0.00263726
0.00263423
0.00262088
0.00263597
0.00264605
0.0026651
0.00262589
0.00263788
0.00264804
0.00264748
0.00264566
0.00263204
0.00261973
0.00260695
0.00262341
0.00262413
0.0026302
0.00261332
0.00264686
0.00261907
0.00261636
0.00261209
0.00261735
0.0026077
0.00260403
0.0026446
0.00265344
0.00263406
0.00260866
0.00260197
0.0026469
0.00261348
0.00262795
0.0026475
0.00263823
0.00261117
0.00261531
0.00262732
0.00262917
0.00264037
0.00264082
0.00264889
0.00264456
0.00261529
0.00261391
0.00261326
0.00260961
0.00263779
0.00262913
0.00263697
0.00262682
0.00262101
0.00264676
0.00264632
0.0026333
0.00261445
0.00262128
0.00263714
0.0026383
0.0026346
0.00260722
0.00261277
0.00261128
0.00263194
0.00261754
0.00262842
0.00264445
0.00263661
0.0026259
0.00261732
0.00262547
0.00262051
0.00260916
0.0026219
0.00261387
0.00263384
0.0026331
0.00263927
0.00262766
0.00263871
0.00264575
0.00263923
0.00264018
0.00262754
0.00262131
0.0026485
0.00265112
0.00264021
0.002641
0.00263179
0.00262898
0.00263333
0.00261437
0.00262934
0.00263313
0.00265304
0.0026357
0.00262701
0.00262246
0.00262476
0.00262274
0.00264371
0.00262258
0.00262649
0.00264088
0.00263663
0.00262291
0.00262513
0.0026467
0.00263946
0.00264276
0.00264707
0.00263085
0.00265357
0.00262278
0.00261863
0.0026308
0.00264071
0.00260784
0.00263498
0.0026489
0.00263312
0.00260824
0.00262019
0.00261764
0.00263431
0.00263025
0.00264506
0.00264056
0.00264307
0.0026489
0.00263373
0.00261927
0.00263875
0.00265357
0.00262391
0.00264709
0.00264144
0.00263392
0.00263767
0.00263182
0.00261914
0.00263525
0.00265081
0.00261923
0.00263151
0.00264865
0.00264885
0.00262784
0.00262672
0.002627
0.00262091
0.0026123
0.00263773
0.0026529
0.00259453
0.00263477
0.00263523
0.00263522
0.00261725
0.00262267
0.00261995
0.00263048
0.00264165
0.00263866
0.00263169
0.00263226
0.00265864
0.00262483
0.00263406
0.00263508
0.00262598
0.00265019
0.00262983
0.00263576
0.00264323
0.0026186
0.00265508
0.00264301
0.00262593
0.00262588
0.00267269
0.00263892
0.00265677
0.00264619
0.00263799
0.00263189
0.00263894
0.00264575
0.00262419
0.00260943
0.00261839
0.00263501
0.00264448
0.00264039
0.0026397
0.00264157
0.00262884
0.00264115
0.00264245
0.00262248
0.00262244
0.0026034
0.00260329
0.00261789
0.00263084
0.00263393
0.0026409
0.00262458
0.00263988
0.00263616
0.00262545
0.00264867
0.00262723
0.00261885
0.00262914
0.00263565
0.00265739
0.0026371
0.0026327
0.00264865
0.00263772
0.00264057
0.00262773
0.00261434
0.00263392
0.00261784
0.00263542
0.00263132
0.0026384
0.00262848
0.00262609
0.00261081
0.00262659
0.00263177
0.00262942
0.00265302
0.00266275
0.00263849
0.00262937
0.00262729
0.00265652
0.00263757
0.00264498
0.00264984
0.00263182
0.00265287
0.0026126
0.00263969
0.00263445
0.00264536
0.00265377
0.00265235
0.00264577
0.00262134
0.00261644
0.00263485
0.00262954
0.00262651
0.00264299
0.00264877
0.00263193
0.00262263
0.00265843
0.00264161
0.0026379
0.00263693
0.00261144
0.00262335
0.00260443
0.00263178
0.0026241
0.00263911
0.0026289
0.00263279
0.00264662
0.00263741
0.00262441
0.00261177
0.0026411
0.00266393
0.00265166
0.00263778
0.00262428
0.00265204
0.00263804
0.00262425
0.00263358
0.00262153
0.00263402
0.00265137
0.00264172
0.00263595
0.00263722
0.00264327
0.00264173
0.00264511
0.00263338
0.00263893
0.00264846
0.00265262
0.00263408
0.0026368
0.00263372
0.0026381
0.00265966
0.00264662
0.00263787
0.00264793
0.00264439
0.00262464
0.00265971
0.00266546
0.00262751
0.00261706
0.00263808
0.00263323
0.00264848
0.00264261
0.0026434
0.00263267
0.00265842
0.00266454
0.00265796
0.00263928
0.00264366
0.00263694
0.00262766
0.00263377
0.00263885
0.00263457
0.0026262
0.00262652
0.00261557
0.00263351
0.00264056
0.00263007
0.00265131
0.00262592
0.00264672
0.00264194
0.00261411
0.00262527
0.0026419
0.00263163
0.0026207
0.00264963
0.00264866
0.0026234
0.00265947
0.00265005
0.00264425
0.00263886
0.00262625
0.00262195
0.00261805
0.00263966
0.00264298
0.00264059
0.00264522
0.00263368
0.00264621
0.00262662
0.00258935
0.00263955
0.00265691
0.00262104
0.00263416
0.00263024
0.00259741
0.00261692
0.00262901
0.00262929
0.00261945
0.00265608
0.00260408
0.00262523
0.00262402
0.00263662
0.00262303
0.00263753
0.00262368
0.00261446
0.00263893
0.00263294
0.00264175
0.00264075
0.00264535
0.00262248
0.0026418
0.00267827
0.00265005
0.00263147
0.00263627
0.00264147
0.00264102
0.00264329
0.00264871
0.00264754
0.00267733
0.00263075
0.0025988
0.00263704
0.00266128
0.00264504
0.00262982
0.0026298
0.00263905
0.0026384
0.00265499
0.00263505
0.00266482
0.00262879
0.0026344
0.00264266
0.00264518
0.0026439
0.00263336
0.00263004
0.00268505
0.00266887
0.0026779
0.00266491
0.00266272
0.00264225
0.002634
0.00265382
0.00267568
0.00263173
0.00265892
0.00264679
0.00263599
0.00264205
0.00264746
0.00265733
0.00265278
0.0026307
0.00264407
0.0026753
0.00266645
0.00265753
0.0026218
0.00261788
0.00264748
0.00266041
0.00261738
0.00264447
0.00263563
0.00263815
0.00262408
0.0026527
0.00264727
0.00263113
0.00265018
0.00265246
0.00265272
0.00263927
0.00265329
0.00264671
0.00264368
0.00264056
0.0026424
0.00263762
0.00263868
0.00264743
0.00262264
0.00261605
0.00263102
0.00262069
0.00263339
0.00262883
0.00262276
0.00264854
0.0026469
0.0026337
0.00263724
0.00263439
0.00262518
0.00264299
0.00265447
0.00266142
0.00264973
0.00263327
0.00264367
0.00264733
0.00265875
0.0026399
0.00264034
0.00264927
0.00262342
0.00265041
0.00264733
0.00262421
0.00261681
0.00261841
0.00262435
0.00263156
0.0026494
0.00263904
0.00263218
0.00262943
0.00263314
0.00262656
0.00264317
0.00264121
0.00262878
0.00264422
0.00264588
0.00264539
0.00263637
0.00264275
0.00264638
0.00267708
0.00267333
0.00268077
0.00267753
0.00263906
0.00264036
0.00263931
0.00266763
0.00268646
0.0026743
0.00263296
0.0026355
0.00265876
0.00263716
0.00265067
0.00266623
0.00266619
0.0026239
0.00263651
0.00265452
0.00264378
0.00263551
0.00262678
0.00264517
0.0026307
0.00262337
0.00262889
0.00262586
0.00265291
0.00264848
0.00264432
0.0026459
0.00263859
0.00266496
0.00265862
0.00265095
0.00263146
0.0026479
0.00266015
0.00266555
0.00265736
0.00264096
0.00265079
0.00261947
0.00261798
0.00265481
0.00264021
0.00263884
0.00266698
0.00265423
0.00263607
0.00264404
0.00264652
0.00263075
0.00264016
0.002635
0.00262102
0.00264085
0.00264107
0.00263458
0.00264485
0.00263245
0.0026635
0.00264122
0.00263731
0.00266137
0.00263666
0.00265142
0.0026273
0.00261603
0.00264754
0.00265398
0.00263583
0.00264044
0.00263412
0.00264382
0.00263699
0.00264222
0.00265879
0.00265423
0.00263257
0.00262529
0.00264203
0.00265063
0.0026565
0.00264825
0.00262863
0.00263967
0.00264064
0.00262822
0.00262175
0.00264708
0.00265429
0.00264426
0.00263894
0.00266731
0.00263928
0.00263427
0.00264589
0.00262924
0.00263415
0.00263238
0.00266506
0.00264238
0.00264813
0.00264653
0.00264307
0.00264699
0.00263954
0.0026624
0.00267336
0.00266794
0.00267503
0.00264685
0.00263567
0.00266697
0.00265711
0.00266054
0.00266592
0.00268518
0.00264778
0.00264361
0.00265118
0.00264568
0.00266026
0.00264065
0.00264847
0.00264434
0.00263798
0.00263812
0.00265803
0.00264245
0.00263455
0.00264136
0.00263167
0.0026267
0.00264715
0.00263315
0.0026257
0.00263052
0.00265774
0.0026428
0.00265105
0.00264296
0.00264051
0.00264656
0.00264703
0.00266849
0.00268258
0.00264056
0.00266878
0.00265008
0.00266579
0.00265135
0.00264193
0.00266679
0.00264601
0.00262034
0.00264873
0.00264454
0.00264715
0.00265235
0.00263839
0.00261666
0.00264033
0.00263331
0.00266054
0.00264056
0.00263423
0.00265683
0.00265207
0.00265234
0.00267025
0.0026546
0.00265871
0.00266907
0.0026386
0.00263001
0.00264197
0.00266745
0.00265156
0.00264477
0.00264173
0.00263491
0.0026395
0.00262492
0.0026436
0.00264819
0.00264944
0.00267511
0.00262775
0.00265673
0.00264884
0.00264427
0.0026474
0.00263149
0.00264124
0.00265441
0.00264434
0.00268729
0.0026468
0.00265647
0.00266697
0.00266088
0.00265524
0.00264986
0.00265109
0.00266234
0.00263509
0.00265158
0.00264273
0.00265231
0.00267391
0.00262788
0.00262965
0.00262066
0.00264599
0.00264267
0.00265281
0.00263499
0.0026402
0.00264436
0.00266185
0.00268386
0.00267116
0.00268686
0.00266181
0.0026312
0.00264055
0.00264106
0.00263393
0.0026319
0.00266375
0.00266865
0.00265064
0.00262595
0.00264858
0.00264464
0.00265256
0.00265308
0.00265234
0.00267057
0.00265553
0.00264919
0.00265408
0.00265765
0.00263869
0.00262462
0.0026499
0.00264643
0.00265522
0.00264972
0.00263905
0.00265348
0.00265118
0.00265386
0.00265172
0.00263681
0.00262728
0.00264254
0.00265385
0.00265228
0.00264677
0.00264016
0.00262305
0.00262288
0.00263178
0.00266203
0.00263916
0.0026697
0.00267162
0.00262226
0.00265333
0.00264638
0.00263794
0.00266055
0.00266057
0.00262953
0.00263224
0.00263641
0.00266411
0.00266677
0.00269144
0.00264718
0.00264572
0.00264164
0.00264373
0.00265099
0.00264182
0.0026525
0.0026477
0.00263417
0.00265887
0.00265139
0.00264727
0.00265236
0.00264851
0.00264558
0.00265245
0.00265816
0.00266289
0.00264833
0.00263201
0.00261563
0.00262366
0.00262289
0.00262693
0.00263365
0.0026355
0.00264212
0.00265984
0.0026706
0.00267521
0.00266257
0.0026422
0.00266123
0.00263036
0.002644
0.00267163
0.00266178
0.00264361
0.00265094
0.00265232
0.00262626
0.00268869
0.00267841
0.0026589
0.00266434
0.00265846
0.00265184
0.00266492
0.00263999
0.00266369
0.00265392
0.00264558
0.00265151
0.00263574
0.0026798
0.00266598
0.00268013
0.00265154
0.0026664
0.00264546
0.00267293
0.00265747
0.00263919
0.00264311
0.00267312
0.00264179
0.00262927
0.00264582
0.00263162
0.00266434
0.00265176
0.00264146
0.00265951
0.00266151
0.00265518
0.00261938
0.0026373
0.00263104
0.00264557
0.00265172
0.00262977
0.0026571
0.00260883
0.00262841
0.00264721
0.00263395
0.00267989
0.0026623
0.002661
0.00265846
0.00263639
0.00262763
0.00266975
0.00266764
0.00266415
0.00266029
0.00264521
0.00265233
0.00264483
0.00265521
0.00264221
0.00265423
0.00266026
0.00265517
0.00262553
0.00265781
0.00262781
0.00262442
0.00265092
0.00263817
0.00264089
0.00263581
0.00266399
0.00264414
0.00266808
0.00265382
0.00263275
0.00264869
0.00264812
0.00265687
0.00263761
0.00263788
0.00264883
0.00265175
0.00263461
0.00263182
0.00263155
0.00265179
0.00263888
0.00262956
0.0026404
0.00265562
0.00265197
0.00264412
0.00264123
0.00263681
0.0026425
0.0026577
0.00266669
0.00264722
0.00264008
0.00264335
0.00266147
0.00264605
0.0026475
0.00263767
0.00265191
0.00265473
0.00265213
0.00267419
0.00263674
0.00264464
0.00266128
0.00266805
0.00264494
0.00265423
0.00265036
0.00262149
0.0026421
0.00264328
0.00263583
0.00266029
0.00264718
0.00267551
0.00267085
0.00263884
0.00264377
0.00268454
0.002692
0.00269381
0.00266973
0.00263749
0.00267097
0.00264679
0.00263874
0.00262588
0.00264359
0.00265841
0.00264116
0.00262789
0.00264437
0.00265347
0.00265721
0.00263731
0.00265252
0.00264261
0.0026518
0.00264222
0.00265064
0.00264936
0.00266698
0.00263245
0.00263983
0.00267024
0.0026577
0.00267203
0.00263636
0.00263326
0.00263375
0.00264367
0.00264728
0.0026458
0.00263742
0.00264378
0.0026478
0.00263287
0.00262421
0.00263699
0.00266508
0.00266022
0.00267085
0.00264296
0.00264348
0.0026523
0.00266729
0.00263518
0.00263862
0.00263327
0.002638
0.00265175
0.00262118
0.00263214
0.00266809
0.00268909
0.00266354
0.00264681
0.0026328
0.00264814
0.00265789
0.00265345
0.00265135
0.00264684
0.00265113
0.00266284
0.00266516
0.00264382
0.00264944
0.00265544
0.00264562
0.00264844
0.00263263
0.0026408
0.00265744
0.00262662
0.00264573
0.00264913
0.00263698
0.00264599
0.00263705
0.00264195
0.00266093
0.00266924
0.00265166
0.0026517
0.00265955
0.00265145
0.00264269
0.00266442
0.00266351
0.00265186
0.00264537
0.00263936
0.00263334
0.00263765
0.00263153
0.00266099
0.00264619
0.0026406
0.00264688
0.00266893
0.00267769
0.00266432
0.00264771
0.00265761
0.00264652
0.00265082
0.00267377
0.00265658
0.00264703
0.00268044
0.00266591
0.00264704
0.00265867
0.00264915
0.00267174
0.00264332
0.00262997
0.00263618
0.00265443
0.00265493
0.00260799
0.00265661
0.00266256
0.00264583
0.00263497
0.00264486
0.00265458
0.00264677
0.00264398
0.0026524
0.00264615
0.00264927
0.00263881
0.00265117
0.00265154
0.00263379
0.00262472
0.0026186
0.00264263
0.00264821
0.00266432
0.00265153
0.00264759
0.00266188
0.00263327
0.0026213
0.00264219
0.00265665
0.0026541
0.00266721
0.00264191
0.00267378
0.00267478
0.00263494
0.00266502
0.00265176
0.00263583
0.00263895
0.00265218
0.00265603
0.00262959
0.00265426
0.00265736
0.00264128
0.00263318
0.00265145
0.00264474
0.0026279
0.00262164
0.00265906
0.00264179
0.00265439
0.00264973
0.00265619
0.00268076
0.00266792
0.00264473
0.00266169
0.00266892
0.00266026
0.00265822
0.00264322
0.00264906
0.00263551
0.002627
0.00265793
0.00266407
0.00265594
0.00266558
0.00265192
0.00266159
0.00268142
0.00266706
0.00265635
0.00265791
0.00266411
0.00264438
0.00268288
0.00268984
0.00267615
0.0026561
0.00265267
0.0026854
0.00267733
0.00268116
0.00267721
0.00267883
0.00263964
0.00266635
0.00264347
0.00265878
0.00264502
0.00264274
0.00263094
0.00266696
0.00269646
0.00266687
0.00266412
0.00265293
0.0026742
0.00266894
0.00266786
0.00268287
0.00267309
0.00264199
0.00267961
0.00269791
0.00267619
0.00264981
0.00265868
0.00267336
0.00266028
0.00267156
0.00267493
0.00263859
0.00265776
0.00261801
0.00265534
0.00267773
0.00265262
0.00265162
0.00265908
0.00266788
0.00266509
0.00263087
0.00264241
0.00264829
0.00267821
0.00267531
0.00263651
0.00261773
0.00262293
0.00263415
0.00266321
0.00268193
0.00264208
0.00263793
0.00264452
0.00264204
0.00264839
0.00264351
0.00263529
0.00266805
0.00266318
0.0026618
0.00269124
0.00267365
0.00267187
0.00265707
0.0027285
0.00266972
0.00262749
0.00263945
0.00263041
0.0026806
0.00269053
0.00267005
0.00265967
0.00264823
0.00266106
0.00268537
0.00266454
0.00275333
0.00273906
0.00266982
0.00266396
0.00267601
0.00266555
0.00267139
0.00263708
0.00270353
0.00270366
0.00266157
0.00268551
0.00265167
0.00266473
0.0026481
0.00263516
0.00266674
0.00269315
0.00269489
0.00265055
0.00264489
0.00262225
0.00265116
0.00264135
0.00263222
0.00264379
0.00261966
0.00265948
0.00264317
0.00262586
0.0026456
0.00263747
0.00261642
0.00264877
0.00263294
0.00265823
0.00267638
0.00264802
0.00263146
0.00266544
0.00264811
0.00263681
0.00265007
0.00266745
0.0026421
0.00267895
0.00265514
0.00266158
0.00263363
0.00266177
0.00268611
0.00269813
0.00268529
0.0026627
0.00265343
0.00265545
0.00265952
0.00265227
0.00268883
0.00267476
0.00263529
0.002654
0.00263713
0.00266262
0.00265053
0.00263589
0.00265678
0.00264121
0.00267318
0.00265171
0.00266141
0.00264124
0.00264107
0.0026359
0.00263642
0.00262616
0.0026357
0.00264034
0.00263501
0.00262178
0.00264777
0.00264568
0.00263916
0.00263339
0.0026608
0.00262132
0.0026404
0.00264791
0.00263211
0.00262251
0.00267173
0.00263606
0.00261943
0.00263035
0.00262577
0.00263122
0.00265152
0.00263125
0.00264112
0.00263617
0.00263089
0.00264203
0.00263912
0.00262701
0.00262691
0.00264692
0.00264419
0.00264792
0.00264273
0.00262541
0.00263825
0.00263243
0.00265159
0.00262359
0.00260329
0.00262328
0.0026321
0.00261742
0.00261379
0.00264579
0.00264789
0.0026374
0.00263205
0.00264958
0.00263775
0.00263055
0.00262621
0.00262718
0.00259821
0.00264355
0.00265138
0.0026308
0.00262457
0.00264044
0.00261605
0.00261909
0.00261291
0.00263943
0.00264497
0.00265373
0.00266249
0.00266454
0.00271322
0.00269729
0.00268845
0.00267093
0.00266623
0.00266077
0.00265208
0.00265946
0.00263035
0.00265181
0.00265259
0.00267764
0.00270222
0.00270306
0.00275112
0.00278893
0.00276436
0.00271569
0.00275155
0.00273286
0.00272499
0.00266292
0.00265962
0.00272464
0.00265531
0.00263313
0.00273581
0.0027003
0.00267116
0.00276198
0.00265906
0.00270421
0.00272719
0.00264848
0.00266251
0.0026437
0.00263893
0.00263946
0.00266362
0.00265669
0.00261806
0.00263973
0.00265072
0.00262275
0.00262028
0.00262882
0.00263597
0.00263013
0.00263157
0.00263988
0.00264732
0.00266496
0.00265795
0.00266841
0.00265201
0.00264353
0.00262088
0.0026365
0.0026269
0.00261779
0.00264944
0.00262606
0.00265105
0.0026725
0.00264137
0.00265344
0.00264525
0.00264953
0.00264358
0.00264302
0.00263845
0.00263095
0.00265192
0.00263177
0.00266532
0.00265145
0.00263438
0.00265274
0.00265772
0.00264831
0.00262507
0.0026157
0.00261998
0.00262892
0.00263009
0.00260135
0.00263117
0.00263082
0.00261842
0.00261002
0.00264103
0.00260321
0.00264802
0.00265344
0.00266447
0.00264126
0.00263419
0.00262438
0.00266621
0.00265295
0.00266155
0.0026429
0.00265539
0.00265176
0.00264345
0.00262028
0.00263466
0.00265971
0.00265138
0.00264395
0.00264128
0.00265437
0.00264328
0.002649
0.00262553
0.00264601
0.00262304
0.00263186
0.00266108
0.0026227
0.00263017
0.0026499
0.00261119
0.00260815
0.00262755
0.00264749
0.00263913
0.00269338
0.00272265
0.00266549
0.00267508
0.00265597
0.00266054
0.00266411
0.00270763
0.00283907
0.00301171
0.00290788
0.00276663
0.00268162
0.0026907
0.00278737
0.00285625
0.00279907
0.00273883
0.0026956
0.00267623
0.0026451
0.00263821
0.00265662
0.00276277
0.00270314
0.00270923
0.00272598
0.00271614
0.00271169
0.00268048
0.00267518
0.00266283
0.00264239
0.00267511
0.0026475
0.00264468
0.00267054
0.00264411
0.00263833
0.00266146
0.00264761
0.00269817
0.00275875
0.00273874
0.00270887
0.00264663
0.00261921
0.00262978
0.00263689
0.00263187
0.00266067
0.00264419
0.00265241
0.00264761
0.0026519
0.00265222
0.00264027
0.00263808
0.00261273
0.00264505
0.00265855
0.00265163
0.00265344
0.00263646
0.00263728
0.00264305
0.00265754
0.00265618
0.00266485
0.00266788
0.00266383
0.0026625
0.0026411
0.00264797
0.0026292
0.00263578
0.00265197
0.00266044
0.00264001
0.00266942
0.00266216
0.00265214
0.00264979
0.00263752
0.00265299
0.00268061
0.00264546
0.00266587
0.00265184
0.00263944
0.0026355
0.00264309
0.00264179
0.00264309
0.00263494
0.00263778
0.00266543
0.00264155
0.00263858
0.00264084
0.00269363
0.00265087
0.00264423
0.00261782
0.00262341
0.0026523
0.00263366
0.00261867
0.00262463
0.00264649
0.0026674
0.00264028
0.00264991
0.00264262
0.00265921
0.00263657
0.00263818
0.00264463
0.0026456
0.00265548
0.00266206
0.00265628
0.00265255
0.00266493
0.00265245
0.00263868
0.00265366
0.00262744
0.00262976
0.00265834
0.00263012
0.00263033
0.00263596
0.00265703
0.002694
0.00265035
0.00269185
0.00264003
0.00264573
0.00263804
0.00265308
0.00267146
0.00264413
0.00263129
0.00262538
0.00264997
0.00266174
0.00262347
0.00265367
0.00268803
0.00268012
0.00266097
0.0026425
0.00264083
0.00263003
0.00264074
0.00263887
0.00262845
0.0026415
0.00263177
0.00266712
0.00264939
0.00264076
0.00264174
0.00264233
0.00264699
0.00263836
0.00264975
0.00265573
0.00266487
0.00266711
0.00263859
0.00264096
0.00267062
0.00268809
0.00262896
0.00264349
0.00264079
0.00266396
0.00266061
0.0026583
0.00265862
0.00265511
0.00266767
0.00267804
0.00265082
0.00263133
0.00266727
0.0026681
0.00264315
0.00266774
0.00263974
0.00265041
0.00264783
0.00264267
0.00265354
0.00264371
0.0026366
0.0026764
0.00266645
0.00266069
0.00264214
0.00263046
0.00263928
0.00263673
0.00264165
0.00262993
0.0026442
0.00266132
0.00264509
0.00263786
0.0026596
0.00263789
0.00266064
0.00265211
0.00265036
0.00263661
0.00263993
0.00266301
0.0026474
0.00261295
0.0026314
0.00265617
0.00265339
0.00265458
0.00264169
0.00266466
0.00264887
0.00271488
0.00270376
0.00266907
0.00266886
0.00265625
0.00264773
0.00264806
0.0026541
0.00265884
0.00263294
0.00264574
0.00263437
0.00262616
0.00263606
0.00265237
0.00263578
0.00263253
0.00261658
0.00262815
0.00267252
0.00268784
0.00264681
0.00266368
0.00266196
0.0026421
0.00264222
0.00263192
0.00264635
0.00263584
0.00263185
0.00263557
0.00263951
0.0026501
0.00262735
0.00263071
0.00264682
0.00265998
0.0026392
0.00264666
0.0026395
0.00263183
0.00265893
0.00265749
0.00265118
0.00264324
0.0026341
0.00267041
0.00264861
0.00264845
0.0026564
0.0026333
0.00264672
0.00265634
0.00264145
0.00264844
0.00264444
0.00266448
0.00265265
0.00265217
