0.00000000
0.00273917
0.00272071
0.00275318
0.00275853
0.00273638
0.00271683
0.00273005
0.00272429
0.00276305
0.00273565
0.00274439
0.00274287
0.00272898
0.00272970
0.00273729
0.00271367
0.00271228
0.00271737
0.00268962
0.00269870
0.00269667
0.00275714
0.00273835
0.00273221
0.00272433
0.00274575
0.00276790
0.00274393
0.00272161
0.00270301
0.00272544
0.00273665
0.00274123
0.00274395
0.00275653
0.00272108
0.00271617
0.00271231
0.00271136
0.00271528
0.00272499
0.00274359
0.00274378
0.00271406
0.00275614
0.00274199
0.00274958
0.00275341
0.00273728
0.00270259
0.00270534
0.00273759
0.00272125
0.00270230
0.00273893
0.00272177
0.00274057
0.00273815
0.00274815
0.00273781
0.00273311
0.00273188
0.00274061
0.00276700
0.00273296
0.00270644
0.00271366
0.00271483
0.00265954
0.00268958
0.00270121
0.00271639
0.00273499
0.00272629
0.00272679
0.00275096
0.00274194
0.00277752
0.00280360
0.00275863
0.00276064
0.00276455
0.00273785
0.00274365
0.00276831
0.00272281
0.00271066
0.00274637
0.00274187
0.00271578
0.00273916
0.00277020
0.00275652
0.00275672
0.00281196
0.00278742
0.00276567
0.00274504
0.00270464
0.00275208
0.00270239
0.00273884
0.00272396
0.00271937
0.00268730
0.00273301
0.00272061
0.00274200
0.00272515
0.00273450
0.00273775
0.00271215
0.00271901
0.00272252
0.00273649
0.00273581
0.00272399
0.00274832
0.00274705
0.00272883
0.00273286
0.00269794
0.00272517
0.00275975
0.00273402
0.00273028
0.00273827
0.00272278
0.00277240
0.00270045
0.00271577
0.00274268
0.00272185
0.00272647
0.00270769
0.00273823
0.00271611
0.00272093
0.00271250
0.00272200
0.00271954
0.00272412
0.00272792
0.00271861
0.00274233
0.00272493
0.00274092
0.00275839
0.00272429
0.00283788
0.00281946
0.00275827
0.00273986
0.00274199
0.00271937
0.00272181
0.00271532
0.00272338
0.00270688
0.00270924
0.00272307
0.00277576
0.00276747
0.00271387
0.00275099
0.00275256
0.00271743
0.00274877
0.00270477
0.00276120
0.00274893
0.00273337
0.00269178
0.00275064
0.00271594
0.00271109
0.00272231
0.00273569
0.00272625
0.00274355
0.00273330
0.00274223
0.00275678
0.00271123
0.00272068
0.00273021
0.00271818
0.00277043
0.00271915
0.00272415
0.00275405
0.00270861
0.00274212
0.00272220
0.00270196
0.00270584
0.00270054
0.00272624
0.00270712
0.00271074
0.00273016
0.00274872
0.00269179
0.00271781
0.00271025
0.00270112
0.00274090
0.00272920
0.00273969
0.00277307
0.00280394
0.00279856
0.00279769
0.00280845
0.00290915
0.00323617
0.00348599
0.00356067
0.00346793
0.00308509
0.00357736
0.00339480
0.00348607
0.00355566
0.00303104
0.00281282
0.00341337
0.00334467
0.00311040
0.00318486
0.00340720
0.00447337
0.00345944
0.00323111
0.00283734
0.00298812
0.00406895
0.00356463
0.00368276
0.00421291
0.00346983
0.00399927
0.00694121
0.00699463
0.00471233
0.00697558
0.00751348
0.00589030
0.00390559
0.00417767
0.00370915
0.00582070
0.00807655
0.00841794
0.00569877
0.00319518
0.00644352
0.00827771
0.00798359
0.00600507
0.00397150
0.00622720
0.00598311
0.00471479
0.00319316
0.00460066
0.00403605
0.00386021
0.00394445
0.00331906
0.00352928
0.00353520
0.00357888
0.00313400
0.00299204
0.00350160
0.00398859
0.00368853
0.00336833
0.00400564
0.00462707
0.00479914
0.00387228
0.00362170
0.00355056
0.00378804
0.00483411
0.00514973
0.00483336
0.00418767
0.00397946
0.00368629
0.00334594
0.00398063
0.00321915
0.00295862
0.00378064
0.00325162
0.00324664
0.00370751
0.00285727
0.00341274
0.00447111
0.00411222
0.00328746
0.00324882
0.00325218
0.00325927
0.00332124
0.00323554
0.00340707
0.00351294
0.00332303
0.00297344
0.00300834
0.00301432
0.00293734
0.00284868
0.00287268
0.00283156
0.00290649
0.00293969
0.00296375
0.00310074
0.00291053
0.00292370
0.00308358
0.00318213
0.00353190
0.00350883
0.00360388
0.00359424
0.00347144
0.00342518
0.00300120
0.00281344
0.00299166
0.00314073
0.00311525
0.00362466
0.00310878
0.00300435
0.00331371
0.00370662
0.00314140
0.00295864
0.00368849
0.00280882
0.00311822
0.00323431
0.00296375
0.00297030
0.00312840
0.00286946
0.00327494
0.00351087
0.00385643
0.00392468
0.00368630
0.00329352
0.00326100
0.00334053
0.00337444
0.00291523
0.00280865
0.00296478
0.00299605
0.00280782
0.00314286
0.00309599
0.00296813
0.00282713
0.00280026
0.00293692
0.00306894
0.00334280
0.00419831
0.00461390
0.00353494
0.00364624
0.00454547
0.00452853
0.00441841
0.00389307
0.00281131
0.00344668
0.00498151
0.00660326
0.00752797
0.00507764
0.00370137
0.00444991
0.00851237
0.00990949
0.00836418
0.00608044
0.00290075
0.00675326
0.00808692
0.00860298
0.00762081
0.00415036
0.00417469
0.00582319
0.00741909
0.00756290
0.00574755
0.00336768
0.00565168
0.00605038
0.00560370
0.00418658
0.00499751
0.00501550
0.00404156
0.00430587
0.00471192
0.00496469
0.00520104
0.00567673
0.00540880
0.00456920
0.00369979
0.00409041
0.00392159
0.00388956
0.00476221
0.00423585
0.00320748
0.00359494
0.00427712
0.00378947
0.00361744
0.00457331
0.00435284
0.00359967
0.00358965
0.00368874
0.00393996
0.00360278
0.00328895
0.00306663
0.00295363
0.00292964
0.00290410
0.00295853
0.00288022
0.00285686
0.00296114
0.00328794
0.00365640
0.00376350
0.00334019
0.00330829
0.00329578
0.00336588
0.00306387
0.00325440
0.00333668
0.00365120
0.00345463
0.00367545
0.00393849
0.00351945
0.00398312
0.00377347
0.00350359
0.00323942
0.00372090
0.00349881
0.00292183
0.00297758
0.00331750
0.00356479
0.00396384
0.00421423
0.00391483
0.00410218
0.00375168
0.00408275
0.00358057
0.00305864
0.00294687
0.00288683
0.00302158
0.00305044
0.00298697
0.00301584
0.00291035
0.00301199
0.00336060
0.00346887
0.00352437
0.00351655
0.00340881
0.00352066
0.00305452
0.00301766
0.00336767
0.00419510
0.00384032
0.00337358
0.00357645
0.00316095
0.00305945
0.00321980
0.00367564
0.00375478
0.00318390
0.00321313
0.00343830
0.00313112
0.00288629
0.00288447
0.00298743
0.00288665
0.00332679
0.00383991
0.00349955
0.00305240
0.00287507
0.00288663
0.00293341
0.00296760
0.00296114
0.00295313
0.00303835
0.00300221
0.00308769
0.00303256
0.00283084
0.00283631
0.00286070
0.00284311
0.00284292
0.00278472
0.00281660
0.00281186
0.00282627
0.00275850
0.00277514
0.00281200
0.00286477
0.00281315
0.00277633
0.00277330
0.00277076
0.00282095
0.00276852
0.00279124
0.00277835
0.00276348
0.00279185
0.00281308
0.00281701
0.00277125
0.00275241
0.00274234
0.00274876
0.00275819
0.00276300
0.00277253
0.00277040
0.00277798
0.00277647
0.00277885
0.00277639
0.00276771
0.00279454
0.00280568
0.00276197
0.00278501
0.00277886
0.00275647
0.00274688
0.00277401
0.00272887
0.00273623
0.00275355
0.00277430
0.00275936
0.00277413
0.00274783
0.00274914
0.00276365
0.00276740
0.00277213
0.00275183
0.00277228
0.00274880
0.00277083
0.00278501
0.00275340
0.00275122
0.00276454
0.00274276
0.00271126
0.00275649
0.00275633
0.00274933
0.00276306
0.00276457
0.00273472
0.00273354
0.00273959
0.00277829
0.00277581
0.00278509
0.00277104
0.00274213
0.00275594
0.00274069
0.00275653
0.00274410
0.00272974
0.00272375
0.00277780
0.00276708
0.00273469
0.00277286
0.00275991
0.00276861
0.00274755
0.00273462
0.00273385
0.00271962
0.00275774
0.00275933
0.00274548
0.00273342
0.00274287
0.00274099
0.00271027
0.00273114
0.00273793
0.00275929
0.00276771
0.00275104
0.00275057
0.00272946
0.00274363
0.00277021
0.00273467
0.00274545
0.00271814
0.00274970
0.00276167
0.00276336
0.00275922
0.00275050
0.00276322
0.00274952
0.00276082
0.00273088
0.00277972
0.00278958
0.00277415
0.00277753
0.00279494
0.00279301
0.00275929
0.00276191
0.00276026
0.00292144
0.00299128
0.00302719
0.00286746
0.00335895
0.00285433
0.00286127
0.00284816
0.00290875
0.00297710
0.00298699
0.00315216
0.00409279
0.00346618
0.00430342
0.00276801
0.00394241
0.00538469
0.00548840
0.00280733
0.00539348
0.00607648
0.00509080
0.00280298
0.00583918
0.00780918
0.00749756
0.00355155
0.00562048
0.00765126
0.00652588
0.00533161
0.00308516
0.00520817
0.00537304
0.00499347
0.00419061
0.00288555
0.00379535
0.00411139
0.00369088
0.00297702
0.00347131
0.00434261
0.00409909
0.00316673
0.00433288
0.00449952
0.00363098
0.00306010
0.00299693
0.00334139
0.00334015
0.00331603
0.00351917
0.00361819
0.00351945
0.00350185
0.00343168
0.00325679
0.00342594
0.00339615
0.00361046
0.00352544
0.00318479
0.00361632
0.00319312
0.00332325
0.00350256
0.00304232
0.00328316
0.00358304
0.00335881
0.00325076
0.00352497
0.00359276
0.00350552
0.00288762
0.00306266
0.00308631
0.00306348
0.00320709
0.00358973
0.00398376
0.00410667
0.00356551
0.00339038
0.00309383
0.00297262
0.00292907
0.00298808
0.00300971
0.00292278
0.00296851
0.00348611
0.00374510
0.00383150
0.00391461
0.00407321
0.00378981
0.00312036
0.00381648
0.00367818
0.00335360
0.00403492
0.00417296
0.00409041
0.00365316
0.00335794
0.00343076
0.00381788
0.00360372
0.00295882
0.00298875
0.00319984
0.00311408
0.00288704
0.00292266
0.00276537
0.00288321
0.00284043
0.00286439
0.00278947
0.00282531
0.00276665
0.00277827
0.00276694
0.00275390
0.00278636
0.00279770
0.00278394
0.00282988
0.00280112
0.00279210
0.00281146
0.00283614
0.00283893
0.00275236
0.00274119
0.00280526
0.00278457
0.00274358
0.00273681
0.00276891
0.00275673
0.00277879
0.00276081
0.00278029
0.00278192
0.00277434
0.00276701
0.00274218
0.00276138
0.00274705
0.00274037
0.00279328
0.00274132
0.00272762
0.00276277
0.00273433
0.00274219
0.00274482
0.00272107
0.00275248
0.00274973
0.00274025
0.00278557
0.00277921
0.00272523
0.00273636
0.00272955
0.00274184
0.00279438
0.00276363
0.00274348
0.00274032
0.00274071
0.00272104
0.00273070
0.00274682
0.00274832
0.00272121
0.00275610
0.00275361
0.00277728
0.00276842
0.00276179
0.00275429
0.00274485
0.00273593
0.00269410
0.00274803
0.00277189
0.00276930
0.00274232
0.00272649
0.00273456
0.00272050
0.00270566
0.00273861
0.00272252
0.00269220
0.00273364
0.00273692
0.00275832
0.00273776
0.00273020
0.00275182
0.00272590
0.00272374
0.00276482
0.00274977
0.00274740
0.00274401
0.00276691
0.00274284
0.00277740
0.00275611
0.00275194
0.00275029
0.00273101
0.00273547
0.00276274
0.00273382
0.00272773
0.00274289
0.00277090
0.00272750
0.00275637
0.00273469
0.00273760
0.00273328
0.00272238
0.00277190
0.00278046
0.00277214
0.00273751
0.00270597
0.00275269
0.00276250
0.00274174
0.00273358
0.00276837
0.00274768
0.00276257
0.00279023
0.00273463
0.00273808
0.00272630
0.00272263
0.00277121
0.00274010
0.00273708
0.00276757
0.00279357
0.00279860
0.00278621
0.00274178
0.00275659
0.00278170
0.00276801
0.00275523
0.00273405
0.00275321
0.00276262
0.00277983
0.00275882
0.00272242
0.00272449
0.00274085
0.00276833
0.00275534
0.00275048
0.00273720
0.00272801
0.00274262
0.00274391
0.00276198
0.00277428
0.00275936
0.00274905
0.00273837
0.00275489
0.00275139
0.00276989
0.00273369
0.00273669
0.00276948
0.00277763
0.00276987
0.00272029
0.00272701
0.00273831
0.00276108
0.00275567
0.00276413
0.00275236
0.00273967
0.00273687
0.00275288
0.00275366
0.00272291
0.00272524
0.00273231
0.00272933
0.00272769
0.00272503
0.00274444
0.00277080
0.00270718
0.00272913
0.00276917
0.00276073
0.00273473
0.00275142
0.00272489
0.00271447
0.00274239
0.00274890
0.00272756
0.00274179
0.00276748
0.00275097
0.00270616
0.00269991
0.00272200
0.00274350
0.00274408
0.00273423
0.00270965
0.00273194
0.00276799
0.00276098
0.00273456
0.00272370
0.00272231
0.00273304
0.00273198
0.00273556
0.00276433
0.00273322
0.00273365
0.00275397
0.00276429
0.00274479
0.00270890
0.00273063
0.00275817
0.00272042
0.00274448
0.00276181
0.00275503
0.00274408
0.00272758
0.00274184
0.00273369
0.00275692
0.00274615
0.00274086
0.00275023
0.00274464
0.00271613
0.00271323
0.00273531
0.00272538
0.00277314
0.00278240
0.00276749
0.00276074
0.00274011
0.00272331
0.00275907
0.00274739
0.00277608
0.00275300
0.00277401
0.00274290
0.00275255
0.00274541
0.00275271
0.00275501
0.00275902
0.00273064
0.00271504
0.00272817
0.00275140
0.00275627
0.00276260
0.00274365
0.00271802
0.00274186
0.00273812
0.00271193
0.00270946
0.00273887
0.00274232
0.00274686
0.00275012
0.00276127
0.00273900
0.00274174
0.00273837
0.00274095
0.00274232
0.00274323
0.00273231
0.00274370
0.00274872
0.00273234
0.00276074
0.00274240
0.00269987
0.00275452
0.00275084
0.00275149
0.00275909
0.00272511
0.00277607
0.00277685
0.00274490
0.00274119
0.00276053
0.00275918
0.00277688
0.00278387
0.00272482
0.00275424
0.00270731
0.00276162
0.00273441
0.00271157
0.00274407
0.00274049
0.00271615
0.00275424
0.00271503
0.00274909
0.00273213
0.00274473
0.00274648
0.00277588
0.00279231
0.00273657
0.00272215
0.00276113
0.00275630
0.00276260
0.00276731
0.00273135
0.00275518
0.00274842
0.00273491
0.00269424
0.00272048
0.00272730
0.00272470
0.00272898
0.00274986
0.00274090
0.00276593
0.00276326
0.00278701
0.00273053
0.00275296
0.00274174
0.00275535
0.00274952
0.00277287
0.00272339
0.00272177
0.00274604
0.00276034
0.00276905
0.00274512
0.00275533
0.00276599
0.00281245
0.00280353
0.00272032
0.00268751
0.00273539
0.00276128
0.00275309
0.00275231
0.00271683
0.00273337
0.00279349
0.00278017
0.00275547
0.00273056
0.00276098
0.00271159
0.00271137
0.00274569
0.00275062
0.00275277
0.00272036
0.00273723
0.00271584
0.00275403
0.00274098
0.00277413
0.00270182
0.00273460
0.00276214
0.00270994
0.00272390
0.00270240
0.00274260
0.00276825
0.00277207
0.00273941
0.00270995
0.00275390
0.00276285
0.00275532
0.00273400
0.00275340
0.00275450
0.00272581
0.00274010
0.00272342
0.00272467
0.00271159
0.00273549
0.00276235
0.00276594
0.00276190
0.00271805
0.00275872
0.00273788
0.00271885
0.00273789
0.00273240
0.00271430
0.00273267
0.00275489
0.00276091
0.00277897
0.00273009
0.00272163
0.00274162
0.00279219
0.00273118
0.00275305
0.00275981
0.00275461
0.00273549
0.00270814
0.00272933
0.00271541
0.00270821
0.00275127
0.00275986
0.00273489
0.00272829
0.00270413
0.00273736
0.00277719
0.00278429
0.00275511
0.00274250
0.00274739
0.00275139
0.00272371
0.00273992
0.00276313
0.00275811
0.00272595
0.00274441
0.00272527
0.00274164
0.00274279
0.00275306
0.00276098
0.00277717
0.00274773
0.00271977
0.00272856
0.00271702
0.00274222
0.00273211
0.00274070
0.00271422
0.00273491
0.00271757
0.00272946
0.00272753
0.00273681
0.00273887
0.00273692
0.00273391
0.00275792
0.00273386
0.00273103
0.00276353
0.00276365
0.00275238
0.00272823
0.00271920
0.00275102
0.00273567
0.00273850
0.00275741
0.00277953
0.00274045
0.00275174
0.00270580
0.00273708
0.00275471
0.00274975
0.00275326
0.00275664
0.00273538
0.00275334
0.00278377
0.00275337
0.00275181
0.00277504
0.00275881
0.00272719
0.00274348
0.00270646
0.00271581
0.00271457
0.00271716
0.00273320
0.00274272
0.00273262
0.00272183
0.00272344
0.00273105
0.00268759
0.00271690
0.00275211
0.00273272
0.00267901
0.00270416
0.00276107
0.00274407
0.00275512
0.00276526
0.00276934
0.00277751
0.00277389
0.00276591
0.00273471
0.00273958
0.00276707
0.00276351
0.00274703
0.00275694
0.00275982
0.00274811
0.00269855
0.00271141
0.00275045
0.00274212
0.00269192
0.00271572
0.00277678
0.00273873
0.00275902
0.00274853
0.00272555
0.00273787
0.00279288
0.00280929
0.00274674
0.00276990
0.00274215
0.00278093
0.00278997
0.00273281
0.00272303
0.00274535
0.00275121
0.00272948
0.00275365
0.00275412
0.00272455
0.00276165
0.00272400
0.00273759
0.00274643
0.00275868
0.00273140
0.00277829
0.00277567
0.00270259
0.00270924
0.00272795
0.00276682
0.00272853
0.00273959
0.00275375
0.00273416
0.00277775
0.00276725
0.00273420
0.00275490
0.00277222
0.00276269
0.00273110
0.00276955
0.00275054
0.00276117
0.00272366
0.00275749
0.00274027
0.00273559
0.00276488
0.00277661
0.00276003
0.00273840
0.00276122
0.00275879
0.00274439
0.00275181
0.00272552
0.00275169
0.00272646
0.00277630
0.00275432
0.00276124
0.00282903
0.00292688
0.00291388
0.00276316
0.00311534
0.00292315
0.00279221
0.00289311
0.00289295
0.00301052
0.00285351
0.00291098
0.00280042
0.00277882
0.00389590
0.00401983
0.00303998
0.00338050
0.00411361
0.00416492
0.00358218
0.00293391
0.00334545
0.00345288
0.00335768
0.00276764
0.00315022
0.00335666
0.00370876
0.00323394
0.00281386
0.00366275
0.00370941
0.00307610
0.00283637
0.00275161
0.00378932
0.00377344
0.00282897
0.00430206
0.00486513
0.00407234
0.00276585
0.00339163
0.00316100
0.00312185
0.00310905
0.00275420
0.00275155
0.00274783
0.00275986
0.00280587
0.00278145
0.00276450
0.00283595
0.00284207
0.00276578
0.00276802
0.00278183
0.00277491
0.00275125
0.00281859
0.00284522
0.00279807
0.00274723
0.00272961
0.00282061
0.00283347
0.00277610
0.00286398
0.00282403
0.00275722
0.00279435
0.00282982
0.00292105
0.00295876
0.00298230
0.00316724
0.00321235
0.00320091
0.00325711
0.00341383
0.00341156
0.00321115
0.00291389
0.00312427
0.00304160
0.00320861
0.00354140
0.00372886
0.00323460
0.00319606
0.00296011
0.00292878
0.00308000
0.00334538
0.00344574
0.00345672
0.00350474
0.00319693
0.00331968
0.00320743
0.00366547
0.00296605
0.00319939
0.00312975
0.00305271
0.00350689
0.00304021
0.00316851
0.00312230
0.00321413
0.00295880
0.00281778
0.00288910
0.00288710
0.00315457
0.00329509
0.00303836
0.00308419
0.00285740
0.00287138
0.00286703
0.00280435
0.00278381
0.00285034
0.00278832
0.00279124
0.00276627
0.00279776
0.00276128
0.00278449
0.00279684
0.00278384
0.00276378
0.00281057
0.00279922
0.00278150
0.00286445
0.00290968
0.00288068
0.00282766
0.00274955
0.00276383
0.00276284
0.00279894
0.00286745
0.00274164
0.00274112
0.00276846
0.00278001
0.00278628
0.00281328
0.00276821
0.00276860
0.00276492
0.00279689
0.00274689
0.00276316
0.00274757
0.00276409
0.00279560
0.00278211
0.00276248
0.00276646
0.00276982
0.00275650
0.00279566
0.00276848
0.00274737
0.00277257
0.00278779
0.00274884
0.00275556
0.00276808
0.00272959
0.00275673
0.00273565
0.00272573
0.00277347
0.00277795
0.00276544
0.00275183
0.00273457
0.00274204
0.00272609
0.00278334
0.00279442
0.00277670
0.00278641
0.00275075
0.00276434
0.00278835
0.00277270
0.00279968
0.00273113
0.00274624
0.00273560
0.00273326
0.00273515
0.00272842
0.00272741
0.00277539
0.00276560
0.00275133
0.00272739
0.00276229
0.00274090
0.00274467
0.00276456
0.00275546
0.00277294
0.00273634
0.00273150
0.00272714
0.00274236
0.00273741
0.00273168
0.00277745
0.00275838
0.00275043
0.00273688
0.00277284
0.00273022
0.00275094
0.00272131
0.00275773
0.00275801
0.00277899
0.00275197
0.00273672
0.00273515
0.00274243
0.00272737
0.00272397
0.00274725
0.00275158
0.00276717
0.00272052
0.00275361
0.00275730
0.00274453
0.00278421
0.00273799
0.00273148
0.00274897
0.00274533
0.00271950
0.00275698
0.00278089
0.00275131
0.00277716
0.00277578
0.00273501
0.00272718
0.00275150
0.00274616
0.00277098
0.00278313
0.00274803
0.00274757
0.00271720
0.00275048
0.00275578
0.00272123
0.00271683
0.00275989
0.00277019
0.00273397
0.00272175
0.00271796
0.00274748
0.00272275
0.00274426
0.00274863
0.00273052
0.00276270
0.00275572
0.00277402
0.00274606
0.00276818
0.00273134
0.00275801
0.00274486
0.00274376
0.00275304
0.00278437
0.00274661
0.00276314
0.00276568
0.00275618
0.00272020
0.00274010
0.00275022
0.00274480
0.00273377
0.00274885
0.00277500
0.00271952
0.00271416
0.00272525
0.00270651
0.00274716
0.00270684
0.00271468
0.00271599
0.00271599
0.00269499
0.00274721
0.00274298
0.00274064
0.00273474
0.00270672
0.00274481
0.00276336
0.00273064
0.00273477
0.00274976
0.00275059
0.00274362
0.00278553
0.00273643
0.00275051
0.00271549
0.00275612
0.00274420
0.00270581
0.00275234
0.00277157
0.00278998
0.00273999
0.00275249
0.00276700
0.00277372
0.00279516
0.00277149
0.00276461
0.00272425
0.00272910
0.00272641
0.00274450
0.00275063
0.00272719
0.00271891
0.00277597
0.00274478
0.00272726
0.00271254
0.00272843
0.00271803
0.00275073
0.00273394
0.00275483
0.00269722
0.00271403
0.00272799
0.00271424
0.00270502
0.00273115
0.00276960
0.00278793
0.00278134
0.00272981
0.00272187
0.00276053
0.00273019
0.00276220
0.00275079
0.00271395
0.00272534
0.00272749
0.00276560
0.00277097
0.00275502
0.00273596
0.00272138
0.00273365
0.00273548
0.00270534
0.00274851
0.00272829
0.00276689
0.00276521
0.00271629
0.00268025
0.00272732
0.00275795
0.00275065
0.00273444
0.00272122
0.00275937
0.00272368
0.00273309
0.00272326
0.00275503
0.00272766
0.00272237
0.00272660
0.00273431
0.00271760
0.00272601
0.00273479
0.00276135
0.00273654
0.00273786
0.00275341
0.00274049
0.00271939
0.00272736
0.00274683
0.00271444
0.00273117
0.00278899
0.00273594
0.00271829
0.00273598
0.00274021
0.00272864
0.00273367
0.00273190
0.00271820
0.00276514
0.00273505
0.00272681
0.00274010
0.00272688
0.00273229
0.00271797
0.00273565
0.00274482
0.00272639
0.00271575
0.00272695
0.00277276
0.00279291
0.00274039
0.00275367
0.00275683
0.00274745
0.00275055
0.00272489
0.00274515
0.00275074
0.00275827
0.00274980
0.00272126
0.00273718
0.00273354
0.00275141
0.00273635
0.00277004
0.00275556
0.00272940
0.00274170
0.00270388
0.00274200
0.00274234
0.00273515
0.00272343
0.00274149
0.00273464
0.00277851
0.00275749
0.00271827
0.00271204
0.00275289
0.00274337
0.00272168
0.00270656
0.00272373
0.00273293
0.00274768
0.00273596
0.00273522
0.00274808
0.00271676
0.00277519
0.00273837
0.00274510
0.00274237
0.00273969
0.00273032
0.00274101
0.00273451
0.00272656
0.00271080
0.00272593
0.00273884
0.00273389
0.00275353
0.00272026
0.00272811
0.00272879
0.00274309
0.00276804
0.00274864
0.00273928
0.00275172
0.00276886
0.00273396
0.00268897
0.00271504
0.00275865
0.00273095
0.00273561
0.00272219
0.00273451
0.00274574
0.00274731
0.00272878
0.00273306
0.00269842
0.00273357
0.00275932
0.00269954
0.00273803
0.00274450
0.00276277
0.00273215
0.00277947
0.00274552
0.00272860
0.00275022
0.00276752
0.00273632
0.00272982
0.00272380
0.00272937
0.00273915
0.00274920
0.00274560
0.00277025
0.00276076
0.00276056
0.00273829
0.00274356
0.00275988
0.00275513
0.00274136
0.00272711
0.00269679
0.00273477
0.00270612
0.00273647
0.00274415
0.00275613
0.00272890
0.00273179
0.00276460
0.00277534
0.00276147
0.00275226
0.00272979
0.00272753
0.00274795
0.00273632
0.00273618
0.00272267
0.00273091
0.00277617
0.00276102
0.00274882
0.00274791
0.00273958
0.00277820
0.00276165
0.00275431
0.00279509
0.00273208
0.00272431
0.00271796
0.00274760
0.00273459
0.00272213
0.00276215
0.00271968
0.00274062
0.00274349
0.00276966
0.00271912
0.00273257
0.00271769
0.00272546
0.00270757
0.00274642
0.00276551
0.00276010
0.00275784
0.00273702
0.00276718
0.00273215
0.00275524
0.00276070
0.00272962
0.00274430
0.00276210
0.00276490
0.00274627
0.00274479
0.00273603
0.00277117
0.00276170
0.00274152
0.00271725
0.00270199
0.00273479
0.00278298
0.00272019
0.00275218
0.00273139
0.00271025
0.00275787
0.00276715
0.00272227
0.00273547
0.00275014
0.00277292
0.00279884
0.00276143
0.00274706
0.00272157
0.00274807
0.00274848
0.00273148
0.00271888
0.00275892
0.00272810
0.00275277
0.00273210
0.00272769
0.00275815
0.00279283
0.00272921
0.00274971
0.00275558
0.00276150
0.00278395
0.00275681
0.00274999
0.00275389
0.00276148
0.00270574
0.00273361
0.00271443
0.00271147
0.00274600
0.00272251
0.00272430
0.00276519
0.00274327
0.00276414
0.00272683
0.00276842
0.00274811
0.00276952
0.00274924
0.00275663
0.00273618
0.00274850
0.00277728
0.00276720
0.00272516
0.00275581
0.00275019
0.00275614
0.00273908
0.00275326
0.00276131
0.00275017
0.00273635
0.00274078
0.00272093
0.00271800
0.00274382
0.00274527
0.00275528
0.00278353
0.00278609
0.00274566
0.00274048
0.00276376
0.00276281
0.00270653
0.00276239
0.00271267
0.00272448
0.00277183
0.00274932
0.00274544
0.00271750
0.00275439
0.00275479
0.00273946
0.00276011
0.00274277
0.00276210
0.00275792
0.00276689
0.00275055
0.00273336
0.00269733
0.00274684
0.00273726
0.00275578
0.00273478
0.00275091
0.00276794
0.00274642
0.00271957
0.00272325
0.00273078
0.00273246
0.00272280
0.00273730
0.00276751
0.00275414
0.00275581
0.00275106
0.00272869
0.00274284
0.00275850
0.00276490
0.00271267
0.00275101
0.00274911
0.00274492
0.00273677
0.00274717
0.00272542
0.00274365
0.00273437
0.00273192
0.00271168
0.00272135
0.00276922
0.00276208
0.00273434
0.00273733
0.00274539
0.00273914
0.00274841
0.00274175
0.00273669
0.00271634
0.00273649
0.00273071
0.00278522
0.00278086
0.00272328
0.00274061
0.00276133
0.00275287
0.00271453
0.00272887
0.00276798
0.00274761
0.00272616
0.00275163
0.00275644
0.00274571
0.00274482
0.00273720
0.00273124
0.00272518
0.00277341
0.00278399
0.00274573
0.00278342
0.00276143
0.00276802
0.00275083
0.00273361
0.00273366
0.00274604
0.00274504
0.00275525
0.00275324
0.00276712
0.00276971
0.00275814
0.00275263
0.00270158
0.00275566
0.00275483
0.00275097
0.00271322
0.00273161
0.00274110
0.00276806
0.00274702
0.00277032
0.00275398
0.00276735
0.00274209
0.00272756
0.00272044
0.00274817
0.00274817
0.00274928
0.00275129
0.00275362
0.00278386
0.00281955
0.00295322
0.00312537
0.00325638
0.00334980
0.00353900
0.00356475
0.00329109
0.00338685
0.00355720
0.00335456
0.00339774
0.00352726
0.00311899
0.00349860
0.00335815
0.00378577
0.00367881
0.00327177
0.00318773
0.00333603
0.00340262
0.00326679
0.00365151
0.00354598
0.00323916
0.00313369
0.00312500
0.00338707
0.00328569
0.00318407
0.00304741
0.00296428
0.00283684
0.00280073
0.00294427
0.00320955
0.00310841
0.00291771
0.00286655
0.00296965
0.00289822
0.00282107
0.00283750
0.00277191
0.00280635
0.00280136
0.00283290
0.00284535
0.00284106
0.00280188
0.00281685
0.00282333
0.00278866
0.00281442
0.00284810
0.00277424
0.00275882
0.00275922
0.00279475
0.00282622
0.00279862
0.00274367
0.00274951
0.00276063
0.00277580
0.00274752
0.00276589
0.00272625
0.00273229
0.00277215
0.00278182
0.00279981
0.00278370
0.00274768
0.00278100
0.00279002
0.00277798
0.00277318
0.00277497
0.00275558
0.00278349
0.00277246
0.00275795
0.00276905
0.00276798
0.00274306
0.00275193
0.00274718
0.00273760
0.00277288
0.00271592
0.00273044
0.00275065
0.00275627
0.00275495
0.00276283
0.00277018
0.00278890
0.00277258
0.00275315
0.00277937
0.00274272
0.00277692
0.00276793
0.00276742
0.00273597
0.00275808
0.00276031
0.00275996
0.00271840
0.00273000
0.00275877
0.00273668
0.00276250
0.00277733
0.00274007
0.00274096
0.00276038
0.00276466
0.00276092
0.00275532
0.00273199
0.00273652
0.00279817
0.00276574
0.00277974
0.00276408
0.00275292
0.00275789
0.00274715
0.00271806
0.00277175
0.00273709
0.00277752
0.00274770
0.00275693
0.00276181
0.00275087
0.00272231
0.00276041
0.00276425
0.00276060
0.00275838
0.00275469
0.00277019
0.00277350
0.00275600
0.00277294
0.00275979
0.00275742
0.00274813
0.00275215
0.00276018
0.00275945
0.00272860
0.00272289
0.00273982
0.00273600
0.00273882
0.00274107
0.00277070
0.00275180
0.00276972
0.00275876
0.00274030
0.00272527
0.00275442
0.00274117
0.00274149
0.00272722
0.00272895
0.00274480
0.00276712
0.00277538
0.00272306
0.00272082
0.00273144
0.00275672
0.00273519
0.00271614
0.00274513
0.00277745
0.00274306
0.00275151
0.00278904
0.00277132
0.00274741
0.00271672
0.00274945
0.00272529
0.00271015
0.00274471
0.00276627
0.00273479
0.00275554
0.00275957
0.00277584
0.00279169
0.00276902
0.00280192
0.00275592
0.00274799
0.00277299
0.00276214
0.00274631
0.00273114
0.00276084
0.00276946
0.00277834
0.00278821
0.00272965
0.00273936
0.00274639
0.00277644
0.00274364
0.00274087
0.00274245
0.00273405
0.00272500
0.00274524
0.00275762
0.00275667
0.00276519
0.00270657
0.00271729
0.00277455
0.00274896
0.00274339
0.00272181
0.00272990
0.00275516
0.00275818
0.00275375
0.00274168
0.00271245
0.00272856
0.00273620
0.00274765
0.00277856
0.00277384
0.00277471
0.00276567
0.00277151
0.00273600
0.00273078
0.00275709
0.00273141
0.00272949
0.00274746
0.00275065
0.00276694
0.00273530
0.00273126
0.00274464
0.00270506
0.00273010
0.00273860
0.00275394
0.00274193
0.00274442
0.00276455
0.00272432
0.00273105
0.00275560
0.00273184
0.00278517
0.00278106
0.00274153
0.00273809
0.00271839
0.00272492
0.00275673
0.00273401
0.00274659
0.00275897
0.00276045
0.00273849
0.00275509
0.00280622
0.00277127
0.00274848
0.00277150
0.00276267
0.00277248
0.00274029
0.00271791
0.00272978
0.00271673
0.00272606
0.00275019
0.00275349
0.00274865
0.00274023
0.00274833
0.00275477
0.00274416
0.00271788
0.00272875
0.00277208
0.00278022
0.00275275
0.00275300
0.00273112
0.00273724
0.00275832
0.00273647
0.00277794
0.00273249
0.00273073
0.00272990
0.00271987
0.00271742
0.00278112
0.00275106
0.00275613
0.00275873
0.00276022
0.00275838
0.00273849
0.00273027
0.00275770
0.00275498
0.00273506
0.00274075
0.00272476
0.00274482
0.00277607
0.00273925
0.00272977
0.00276848
0.00275884
0.00273455
0.00275948
0.00276198
0.00275636
0.00275201
0.00273731
0.00272451
0.00275653
0.00277579
0.00276758
0.00274089
0.00272597
0.00272902
0.00274621
0.00274474
0.00275959
0.00276090
0.00275493
0.00277904
0.00278390
0.00274814
0.00273625
0.00277400
0.00277565
0.00275833
0.00271977
0.00273068
0.00274487
0.00274907
0.00275418
0.00274939
0.00277498
0.00271968
0.00276987
0.00273609
0.00273128
0.00276209
0.00275346
0.00275413
0.00275418
0.00274558
0.00273831
0.00271841
0.00273415
0.00274538
0.00276462
0.00275620
0.00277471
0.00273010
0.00273293
0.00273112
0.00273917
0.00273788
0.00275479
0.00275559
0.00274521
0.00275540
0.00274060
0.00275110
0.00275267
0.00275073
0.00273079
0.00269686
0.00271996
0.00275759
0.00275129
0.00272844
0.00273462
0.00273443
0.00275753
0.00275683
0.00275971
0.00276396
0.00273917
0.00274863
0.00276545
0.00277769
0.00276900
0.00274650
0.00275188
0.00276483
0.00276851
0.00275029
0.00273659
0.00273623
0.00278646
0.00273561
0.00270483
0.00274937
0.00274222
0.00276766
0.00274787
0.00275079
0.00277144
0.00275939
0.00274452
0.00271069
0.00270560
0.00275968
0.00274247
0.00271503
0.00273970
0.00278233
0.00279773
0.00274015
0.00274309
0.00274392
0.00272979
0.00272503
0.00273729
0.00273371
0.00272293
0.00272493
0.00274178
0.00275131
0.00276970
0.00275057
0.00278498
0.00279134
0.00276228
0.00273681
0.00273508
0.00277387
0.00274468
0.00273732
0.00279947
0.00282219
0.00275092
0.00311523
0.00365779
0.00300848
0.00275551
0.00281066
0.00300178
0.00323152
0.00312199
0.00283029
0.00285356
0.00286204
0.00282697
0.00289996
0.00284673
0.00275920
0.00286193
0.00282737
0.00283944
0.00278592
0.00277968
0.00288976
0.00275913
0.00333143
0.00389073
0.00294526
0.00316449
0.00373231
0.00373672
0.00352986
0.00276743
0.00315342
0.00315924
0.00350394
0.00282744
0.00398674
0.00393751
0.00287527
0.00332038
0.00466506
0.00470849
0.00323110
0.00302775
0.00341430
0.00321016
0.00300881
0.00303542
0.00282415
0.00279228
0.00286242
0.00282923
0.00275965
0.00275516
0.00277782
0.00279696
0.00282835
0.00275610
0.00280344
0.00287203
0.00288626
0.00279086
0.00275055
0.00281775
0.00283061
0.00278640
0.00280078
0.00281214
0.00272730
0.00276402
0.00279896
0.00274038
0.00272013
0.00275996
0.00275927
0.00273567
0.00275705
0.00274412
0.00273702
0.00275816
0.00277806
0.00272278
0.00274168
0.00276688
0.00277432
0.00275726
0.00273352
0.00273937
0.00273237
0.00276618
0.00279735
0.00277511
0.00275541
0.00275659
0.00277725
0.00275634
0.00273339
0.00273537
0.00274698
0.00274450
0.00274603
0.00273798
0.00276546
0.00275248
0.00275527
0.00278585
0.00273465
0.00277570
0.00274239
0.00273537
0.00272680
0.00275637
0.00272655
0.00273708
0.00277074
0.00278343
0.00276863
0.00275657
0.00273770
0.00274722
0.00276091
0.00274848
0.00275474
0.00277042
0.00276154
0.00274763
0.00276351
0.00272805
0.00274675
0.00276576
0.00277062
0.00278154
0.00273572
0.00275031
0.00274834
0.00273937
0.00269271
0.00272384
0.00273694
0.00277122
0.00277194
0.00275169
0.00274540
0.00274108
0.00272715
0.00276510
0.00280433
0.00279941
0.00269508
0.00272403
0.00272577
0.00276993
0.00274197
0.00276786
0.00275891
0.00277790
0.00275419
0.00271582
0.00274484
0.00272524
0.00272660
0.00276004
0.00275547
0.00276136
0.00274136
0.00272020
0.00273289
0.00274853
0.00275296
0.00275673
0.00274765
0.00274779
0.00271676
0.00272179
0.00274963
0.00274528
0.00270265
0.00274083
0.00275755
0.00275086
0.00275159
0.00275130
0.00273850
0.00272725
0.00273122
0.00274756
0.00276788
0.00273850
0.00269267
0.00274581
0.00273539
0.00274567
0.00276760
0.00274998
0.00274571
0.00273515
0.00276780
0.00277240
0.00274068
0.00275457
0.00274963
0.00278525
0.00281406
0.00277536
0.00272072
0.00274013
0.00276041
0.00273333
0.00274161
0.00275810
0.00274707
0.00272277
0.00271300
0.00275493
0.00274460
0.00273918
0.00273773
0.00276043
0.00276026
0.00273219
0.00273403
0.00272402
0.00272608
0.00275283
0.00271436
0.00271433
0.00277287
0.00272267
0.00273519
0.00276050
0.00276462
0.00274195
0.00275575
0.00275960
0.00275613
0.00275623
0.00272503
0.00273772
0.00272457
0.00271738
0.00273689
0.00274106
0.00273233
0.00272581
0.00273153
0.00276303
0.00275111
0.00272898
0.00273715
0.00270915
0.00271052
0.00275227
0.00272123
0.00274458
0.00272659
0.00274634
0.00274832
0.00274499
0.00275718
0.00273273
0.00272779
0.00274352
0.00278867
0.00274886
0.00273031
0.00273874
0.00273026
0.00273296
0.00274089
0.00276537
0.00272636
0.00272382
0.00275396
0.00273131
0.00272122
0.00272812
0.00272564
0.00272603
0.00269060
0.00275114
0.00273729
0.00274307
0.00273204
0.00277894
0.00278803
0.00274621
0.00275140
0.00272541
0.00273302
0.00271905
0.00275150
0.00275162
0.00272332
0.00277235
0.00274572
0.00269913
0.00273759
0.00275446
0.00271961
0.00274104
0.00276136
0.00274415
0.00274000
0.00274408
0.00274083
0.00273238
0.00275186
0.00274711
0.00274962
0.00272363
0.00276280
0.00273853
0.00275206
0.00274949
0.00274277
0.00272291
0.00270953
0.00273799
0.00273667
0.00275356
0.00271725
0.00271000
0.00271362
0.00270173
0.00270108
0.00272606
0.00273809
0.00274650
0.00272987
0.00272900
0.00272431
0.00271797
0.00271946
0.00272959
0.00273360
0.00273179
0.00270886
0.00273725
0.00275194
0.00272217
0.00272836
0.00274760
0.00275779
0.00274222
0.00271302
0.00275400
0.00273906
0.00273779
0.00273952
0.00273698
0.00272889
0.00273872
0.00277817
0.00271889
0.00272376
0.00273383
0.00274697
0.00274308
0.00275509
0.00276705
0.00275858
0.00274453
0.00276257
0.00272092
0.00273147
0.00275667
0.00274397
0.00274403
0.00275889
0.00274802
0.00274093
0.00273552
0.00272651
0.00274715
0.00273672
0.00269761
0.00274266
0.00278575
0.00272520
0.00274021
0.00274814
0.00269613
0.00272800
0.00270209
0.00270138
0.00273420
0.00274488
0.00272744
0.00274009
0.00273596
0.00271730
0.00271667
0.00271652
0.00272230
0.00272421
0.00274073
0.00276247
0.00274784
0.00272758
0.00275370
0.00275714
0.00273138
0.00271946
0.00272968
0.00272864
0.00271684
0.00273456
0.00273565
0.00275407
0.00274714
0.00274391
0.00270206
0.00268626
0.00272709
0.00275619
0.00273507
0.00274847
0.00274893
0.00274058
0.00272291
0.00274711
0.00271493
0.00275695
0.00274287
0.00275162
0.00271932
0.00274701
0.00274806
0.00274293
0.00275398
0.00274599
0.00272407
0.00273225
0.00272484
0.00274038
0.00273628
0.00273677
0.00275753
0.00273213
0.00274034
0.00274506
0.00273897
0.00272354
0.00275849
0.00275640
0.00270531
0.00271659
0.00271825
0.00274499
0.00274173
0.00270972
0.00271623
0.00271336
0.00274285
0.00274892
0.00274771
0.00277174
0.00272784
0.00272682
0.00275960
0.00275432
0.00275435
0.00273345
0.00274576
0.00276028
0.00273364
0.00273482
0.00271225
0.00269607
0.00272809
0.00273196
0.00276004
0.00276043
0.00273396
0.00276468
0.00274226
0.00270214
0.00270101
0.00272590
0.00273757
0.00270906
0.00271910
0.00272916
0.00272042
0.00272334
0.00275729
0.00274742
0.00277104
0.00272692
0.00272396
0.00274458
0.00276233
0.00273582
0.00274549
0.00269701
0.00270969
0.00272856
0.00271350
0.00272492
0.00270976
0.00272137
0.00275924
0.00274186
0.00275168
0.00276426
0.00273955
0.00276583
0.00276970
0.00273550
0.00270556
0.00271977
0.00274636
0.00275727
0.00273346
0.00274744
0.00271353
0.00272923
0.00273986
0.00276373
0.00274268
0.00275738
0.00276321
0.00275702
0.00275615
0.00273654
0.00276077
0.00274072
0.00271596
0.00273813
0.00271869
0.00271504
0.00272122
0.00272076
0.00273425
0.00272103
0.00276423
0.00275578
0.00275808
0.00277104
0.00275586
0.00274544
0.00274828
0.00274501
0.00274303
0.00273466
0.00272133
0.00272865
0.00272924
0.00272880
0.00273400
0.00276939
0.00271947
0.00272014
0.00271472
0.00272597
0.00272054
0.00273311
0.00273219
0.00271066
0.00272994
0.00275226
0.00272249
0.00269011
0.00269941
0.00273611
0.00272825
0.00272740
0.00274049
0.00273945
0.00275178
0.00275154
0.00275102
0.00273320
0.00272853
0.00275620
0.00274998
0.00275376
0.00273509
0.00275719
0.00273845
0.00273443
0.00273389
0.00275188
0.00276123
0.00275747
0.00273446
0.00271794
0.00275089
0.00277133
0.00277061
0.00277045
0.00278400
0.00275133
0.00274192
0.00276485
0.00271419
0.00273148
0.00276682
0.00275173
0.00272050
0.00275875
0.00272813
0.00275255
0.00274728
0.00274527
0.00274999
0.00271663
0.00275657
0.00277498
0.00275620
0.00275258
0.00273705
0.00272100
0.00275165
0.00272428
0.00273338
0.00276198
0.00275785
0.00276105
0.00271816
0.00273704
0.00274399
0.00274157
0.00271281
0.00275475
0.00274884
0.00274705
0.00274773
0.00271446
0.00274210
0.00274997
0.00269994
0.00270812
0.00276920
0.00276519
0.00273606
0.00271589
0.00272696
0.00274703
0.00275833
0.00273368
0.00273783
0.00273294
0.00274704
0.00275182
0.00274299
0.00272181
0.00274146
0.00274080
0.00275798
0.00272704
0.00274608
0.00275889
0.00276575
0.00272856
0.00274866
0.00275021
0.00273745
0.00273563
0.00272274
0.00274449
0.00274857
0.00273701
0.00275709
0.00273240
0.00275605
0.00275739
0.00273147
0.00275288
0.00275605
0.00272870
0.00270652
0.00276081
0.00275423
0.00275002
0.00274623
0.00275483
0.00270498
0.00272923
0.00274381
0.00270576
0.00273499
0.00273634
0.00275522
0.00275383
0.00274171
0.00271715
0.00274052
0.00274088
0.00274743
0.00270847
0.00273557
0.00275018
0.00272674
0.00274907
0.00274337
0.00273952
0.00275127
0.00274105
0.00273319
0.00274809
0.00275614
0.00278266
0.00274866
0.00276893
0.00273744
0.00274090
0.00276640
0.00275777
0.00273484
0.00273515
0.00273349
0.00273357
0.00272015
0.00274517
0.00272973
0.00272206
0.00273369
0.00273660
0.00273500
0.00271922
0.00274889
0.00272698
0.00273111
0.00273283
0.00274903
0.00277725
0.00275156
0.00275886
0.00273856
0.00274642
0.00272447
0.00272544
0.00274445
0.00275000
0.00273161
0.00273190
0.00274985
0.00276847
0.00273959
0.00276275
0.00274535
0.00270309
0.00273741
0.00276582
0.00276329
0.00273274
0.00275351
0.00276003
0.00273883
0.00273474
0.00272311
0.00274233
0.00274509
0.00272371
0.00275965
0.00274944
0.00275650
0.00276737
0.00276378
0.00272139
0.00273079
0.00275313
0.00272516
0.00272699
0.00273110
0.00274690
0.00271665
0.00274155
0.00277165
0.00276582
0.00274191
0.00274972
0.00272319
0.00273564
0.00273805
0.00273867
0.00275227
0.00272311
0.00273226
0.00268912
0.00273210
0.00274215
0.00273752
0.00274726
0.00274353
0.00274015
0.00277294
0.00273897
0.00274323
0.00271075
0.00272160
0.00273110
0.00272625
0.00273977
0.00276286
0.00275005
0.00274698
0.00271607
0.00270532
0.00272484
0.00272164
0.00270856
0.00271962
0.00273752
0.00276935
0.00273399
0.00272283
0.00275697
0.00275654
0.00272881
0.00272722
0.00274902
0.00273897
0.00273459
0.00273934
0.00275378
0.00272321
0.00277589
0.00275658
0.00273630
0.00275595
0.00272943
0.00273789
0.00272954
0.00272317
0.00270977
0.00272891
0.00272254
0.00272617
0.00273202
0.00273166
0.00270773
0.00270276
0.00275125
0.00272852
0.00270697
0.00276329
0.00272507
0.00269994
0.00276723
0.00275008
0.00271256
0.00279853
0.00276803
0.00273663
0.00272157
0.00274453
0.00272716
0.00272093
0.00274374
0.00274072
0.00270559
0.00275662
0.00274139
0.00273662
0.00272378
0.00273611
0.00274270
0.00275081
0.00272275
0.00271983
0.00273439
0.00271624
0.00270669
0.00273164
0.00271714
0.00272959
0.00274507
0.00274751
0.00271541
0.00273479
0.00272559
0.00275073
0.00273883
0.00273144
0.00273466
0.00273447
0.00272541
0.00271528
0.00276789
0.00275080
0.00275586
0.00272171
0.00273880
0.00273014
0.00275233
0.00274561
0.00273542
0.00274756
0.00275195
0.00273592
0.00272664
0.00272364
0.00275495
0.00276520
0.00275635
0.00276580
0.00275018
0.00273609
0.00272648
0.00271631
0.00273455
0.00275532
0.00272578
0.00277109
0.00276279
0.00273647
0.00275864
0.00272417
0.00275864
0.00273581
0.00276887
0.00277390
0.00273376
0.00276058
0.00271477
0.00272613
0.00273585
0.00270672
0.00273652
0.00274149
0.00275382
0.00274535
0.00273387
0.00270869
0.00271709
0.00273265
0.00276184
0.00272514
0.00271084
0.00274340
0.00275197
0.00275839
0.00272062
0.00274620
0.00272956
0.00275177
0.00274945
0.00271686
0.00277441
0.00277793
0.00274035
0.00277556
0.00276377
0.00272724
0.00273236
0.00271924
0.00274010
0.00275629
0.00273436
0.00276972
0.00281869
0.00276750
0.00272706
0.00274149
0.00272756
0.00274255
0.00273199
0.00274481
0.00272149
0.00274484
0.00272486
0.00275132
0.00276084
0.00274303
0.00274481
0.00272147
0.00275531
0.00275530
0.00279310
0.00275685
0.00273328
0.00276356
0.00274756
0.00274957
0.00274597
0.00272591
0.00272533
0.00272215
0.00272896
0.00271241
0.00273528
0.00274314
0.00271796
0.00272715
0.00273702
0.00272844
0.00276437
0.00277890
0.00276761
0.00273117
0.00276629
0.00276177
0.00277784
0.00278484
0.00277471
0.00274970
0.00274585
0.00272438
0.00273454
0.00276603
0.00274136
0.00271739
0.00270904
0.00273278
0.00275513
0.00272609
0.00273520
0.00273385
0.00275088
0.00275135
0.00274567
0.00272951
0.00274803
0.00275816
0.00274269
0.00272689
0.00270566
0.00273017
0.00269735
0.00274444
0.00276327
0.00272306
0.00273437
0.00272703
0.00273981
0.00273773
0.00273937
0.00273184
0.00274395
0.00275028
0.00276737
0.00277909
0.00270747
0.00271463
0.00273631
0.00272264
0.00271819
0.00273655
0.00274647
0.00271790
0.00275210
0.00273323
0.00277788
0.00276820
0.00275292
0.00280631
0.00275163
0.00275619
0.00272982
0.00273081
0.00272505
0.00274246
0.00274667
0.00274049
0.00274119
0.00273522
0.00275579
0.00275525
0.00276980
0.00274952
0.00276221
0.00274102
0.00272369
0.00271148
0.00271727
0.00274289
0.00273990
0.00274054
0.00271270
0.00275637
0.00274502
0.00276811
0.00276453
0.00278460
0.00275218
0.00274397
0.00276378
0.00274686
0.00274399
0.00271487
0.00272757
0.00271385
0.00271224
0.00273050
0.00270549
0.00273122
0.00271859
0.00275141
0.00276377
0.00274671
0.00277529
0.00277546
0.00273228
0.00276295
0.00274492
0.00273613
0.00272086
0.00274279
0.00272043
0.00273500
0.00276887
0.00276284
0.00276485
0.00275839
0.00274108
0.00272278
0.00275512
0.00276182
0.00273519
0.00277437
0.00276163
0.00276314
0.00273013
0.00275114
0.00273801
0.00274559
0.00274227
0.00273939
0.00274170
0.00275363
0.00277506
0.00275736
0.00272424
0.00275194
0.00276433
0.00278920
0.00275915
0.00277896
0.00272685
0.00271597
0.00274991
0.00277274
0.00272631
0.00276870
0.00276088
0.00273669
0.00272524
0.00273617
0.00272210
0.00270458
0.00275198
0.00275704
0.00274814
0.00273554
0.00271540
0.00272973
0.00277212
0.00275020
0.00274220
0.00277437
0.00279929
0.00272741
0.00274651
0.00277125
0.00274578
0.00275556
0.00273921
0.00275157
0.00276033
0.00276797
0.00277753
0.00275500
0.00274808
0.00275190
0.00273317
0.00269838
0.00272815
0.00272937
0.00272827
0.00276984
0.00271509
0.00272883
0.00272509
0.00272147
0.00273872
0.00274499
0.00278160
0.00271335
0.00271693
0.00270636
0.00275512
0.00272813
0.00275407
0.00273416
0.00273598
0.00274742
0.00272937
0.00273738
0.00277497
0.00275694
0.00272982
0.00273920
0.00273367
0.00274045
0.00271362
0.00270498
0.00275199
0.00276368
0.00272398
0.00271379
0.00274573
0.00274581
0.00276481
0.00275976
0.00272592
0.00273821
0.00271872
0.00273416
0.00274469
0.00271531
0.00270120
0.00276932
0.00272199
0.00275432
0.00274593
0.00273104
0.00272920
0.00272618
0.00274070
0.00272228
0.00273795
0.00274039
0.00269948
0.00275029
0.00278212
0.00273536
0.00276202
0.00275925
0.00275215
0.00273807
0.00271863
0.00277011
0.00274710
0.00273001
0.00273604
0.00273631
0.00273717
0.00272180
0.00273036
0.00272386
0.00271965
0.00270981
0.00272043
0.00274780
0.00276985
0.00275665
0.00273094
0.00273757
0.00272700
0.00275955
0.00277880
0.00274047
0.00273701
0.00273944
0.00273420
0.00276227
0.00276723
0.00276265
0.00275782
0.00276319
0.00273014
0.00273800
0.00272988
0.00275053
0.00273228
0.00274107
0.00273619
0.00274796
0.00274481
0.00273522
0.00274707
0.00273006
0.00272744
0.00272573
0.00270905
0.00273457
0.00273037
0.00271990
0.00272959
0.00274514
0.00274407
0.00271660
0.00275041
0.00277386
0.00275690
0.00276756
0.00272875
0.00274754
0.00277692
0.00278314
0.00274897
0.00272146
0.00272306
0.00270655
0.00268796
0.00274740
0.00276360
0.00277108
0.00273699
0.00272846
0.00272309
0.00275658
0.00274698
0.00271925
0.00270149
0.00272368
0.00272383
0.00274904
0.00274224
0.00274980
0.00271276
0.00273796
0.00271889
0.00273575
0.00274342
0.00277050
0.00275222
0.00273367
0.00274860
0.00275009
0.00273308
0.00270579
0.00271229
0.00269346
0.00271989
0.00272635
0.00270988
0.00278125
0.00277342
0.00273031
0.00276369
0.00275144
0.00272963
0.00273411
0.00273854
0.00274800
0.00274846
0.00273921
0.00273325
0.00275359
0.00276239
0.00272491
0.00274076
0.00273087
0.00273405
0.00271020
0.00270587
0.00271235
0.00273122
0.00275154
0.00270067
0.00273088
0.00273933
0.00274674
0.00273606
0.00276167
0.00274517
0.00274776
0.00273693
0.00274009
0.00273397
0.00274608
0.00273948
0.00274551
0.00277170
0.00273079
0.00273199
0.00275630
0.00270382
0.00273974
0.00275716
0.00272808
0.00276373
0.00276891
0.00274835
0.00272495
0.00271272
0.00274129
0.00273037
0.00273953
0.00269627
0.00272337
0.00272283
0.00273084
0.00273242
0.00274759
0.00273273
0.00274970
0.00274988
0.00271650
0.00272939
0.00275291
0.00273282
0.00272968
0.00270834
0.00273013
0.00270008
0.00276228
0.00271836
0.00271774
0.00272098
0.00275342
0.00272295
0.00272301
0.00272378
0.00273128
0.00272483
0.00275671
0.00274325
0.00276746
0.00276532
0.00277090
0.00276566
0.00275511
0.00271085
0.00273442
0.00271790
0.00273016
0.00273277
0.00275864
0.00274624
0.00272120
0.00274038
0.00273733
0.00272056
0.00272990
0.00272919
0.00275008
0.00274386
0.00273056
0.00274274
0.00275301
0.00271887
0.00273761
0.00273444
0.00272938
0.00275170
0.00276333
0.00272842
0.00276564
0.00273888
0.00273339
0.00273692
0.00272066
0.00271688
0.00273180
0.00270320
0.00274416
0.00275235
0.00273122
0.00273423
0.00271214
0.00271159
0.00274482
0.00275932
0.00270334
0.00272294
0.00271454
0.00273659
0.00271780
0.00271426
0.00274873
0.00273334
0.00271003
0.00270479
0.00274724
0.00272097
0.00273148
0.00271545
0.00273734
0.00272995
0.00274280
0.00273049
0.00273301
0.00271801
0.00271920
0.00272027
0.00274372
0.00273922
0.00273048
0.00272432
0.00272984
0.00274638
0.00272801
0.00271243
0.00272443
0.00271694
0.00274989
0.00273489
0.00273765
0.00271053
0.00271011
0.00273011
0.00274624
0.00270197
0.00271572
0.00274318
0.00272549
0.00274303
0.00275216
0.00272623
0.00276265
0.00269084
0.00272402
0.00274319
0.00276961
0.00274460
0.00270470
0.00273934
0.00274160
0.00274579
0.00274253
0.00275884
0.00276078
0.00273654
0.00272228
0.00273223
0.00275900
0.00276685
0.00273717
0.00272457
0.00274899
0.00274407
0.00273145
0.00274744
0.00272270
0.00272451
0.00272784
0.00274188
0.00271800
0.00274381
0.00274166
0.00274453
0.00273407
0.00275294
0.00277199
0.00274109
0.00274487
0.00272646
0.00275372
0.00273794
0.00274700
0.00268104
0.00272793
0.00275399
0.00276508
0.00274528
0.00273602
0.00276983
0.00274687
0.00273335
0.00271254
0.00273922
0.00273032
0.00274633
0.00270826
0.00274739
0.00274485
0.00273797
0.00271891
0.00271403
0.00275352
0.00274107
0.00273018
0.00276313
0.00276026
0.00274442
0.00273244
0.00274447
0.00273704
0.00275112
0.00278623
0.00274627
0.00273080
0.00272872
0.00274957
0.00273333
0.00272064
0.00273526
0.00273520
0.00275018
0.00273923
0.00275078
0.00276154
0.00273764
0.00273938
0.00272830
0.00273457
0.00272466
0.00274590
0.00274939
0.00273963
0.00278343
0.00275849
0.00272805
0.00270984
0.00274913
0.00271943
0.00271504
0.00273379
0.00275483
0.00275956
0.00272795
0.00275587
0.00275458
0.00274275
0.00276002
0.00279114
0.00274952
0.00274275
0.00275839
0.00276267
0.00273809
0.00270240
0.00273331
0.00273352
0.00276419
0.00271767
0.00273828
0.00272663
0.00272712
0.00273687
0.00273753
0.00274949
0.00276922
0.00272733
0.00272728
0.00273530
0.00278862
0.00273173
0.00273424
0.00279909
0.00276178
0.00277815
0.00272433
0.00274533
0.00275350
0.00274869
0.00274659
0.00272702
0.00274090
0.00271996
0.00270396
0.00268382
0.00273119
0.00271522
0.00273993
0.00274806
0.00272962
0.00274740
0.00277932
0.00271222
0.00273403
0.00274093
0.00273789
0.00276368
0.00273917
0.00274223
0.00274261
0.00277934
0.00275214
0.00276830
0.00275169
0.00271980
0.00270773
0.00270420
0.00273565
0.00276809
0.00273290
0.00271914
0.00273206
0.00275919
0.00273235
0.00274648
0.00274842
0.00274415
0.00273716
0.00274332
0.00281095
0.00275419
0.00271913
0.00272593
0.00274498
0.00273745
0.00274164
0.00272881
0.00273106
0.00273992
0.00273829
0.00272347
0.00275775
0.00276395
0.00275987
0.00273709
0.00280733
0.00279452
0.00274562
0.00276242
0.00275113
0.00272185
0.00273494
0.00272117
0.00273720
0.00272112
0.00276569
0.00275861
0.00275123
0.00270845
0.00272460
0.00274652
0.00272788
0.00277808
0.00275581
0.00274403
0.00273700
0.00271417
0.00273623
0.00273205
0.00275243
0.00280009
0.00275317
0.00275202
0.00274824
0.00274019
0.00276417
0.00276388
0.00272536
0.00274397
0.00275251
0.00272916
0.00273818
0.00274719
0.00279391
0.00272865
0.00276976
0.00276574
0.00275810
0.00274542
0.00272919
0.00273399
0.00271227
0.00270572
0.00272422
0.00276243
0.00278005
0.00275016
0.00273447
0.00273980
0.00276086
0.00274722
0.00275377
0.00276217
0.00273184
0.00271505
0.00269134
0.00273674
0.00274407
0.00277012
0.00272925
0.00273340
0.00275666
0.00272598
0.00275538
0.00273718
0.00275129
0.00272103
0.00274608
0.00278750
0.00274231
0.00272023
0.00273683
0.00276366
0.00273014
0.00274221
0.00275408
0.00274507
0.00273829
0.00276243
0.00277710
0.00275244
0.00272194
0.00274589
0.00273551
0.00272695
0.00277948
0.00273578
0.00273529
0.00273572
0.00276805
0.00276050
0.00276897
0.00271574
0.00274362
0.00277397
0.00275267
0.00270955
0.00275664
0.00274926
0.00276069
0.00277478
0.00274383
0.00272520
0.00270207
0.00273077
0.00278311
0.00275427
0.00271319
0.00274332
0.00276005
0.00275694
0.00274238
0.00272863
0.00274614
0.00275105
0.00276942
0.00273514
0.00272363
0.00275181
0.00273157
0.00276884
0.00273710
0.00272888
0.00269654
0.00273571
0.00275766
0.00276832
0.00274591
0.00273388
0.00275723
0.00273643
0.00273879
0.00276056
0.00278622
0.00275921
0.00275248
0.00275999
0.00271556
0.00271163
0.00275453
0.00277990
0.00274800
0.00273079
0.00273965
0.00272532
0.00271830
0.00271652
0.00273569
0.00273771
0.00275990
0.00273909
0.00271623
0.00276480
0.00275119
0.00277595
0.00277542
0.00276583
0.00278245
0.00274109
0.00273770
0.00272189
0.00274235
0.00275168
0.00273570
0.00272653
0.00275401
0.00277566
0.00272987
0.00275654
0.00276723
0.00274391
0.00273502
0.00276482
0.00271531
0.00273933
0.00272847
0.00273221
0.00274604
0.00273107
0.00274581
0.00274736
0.00276204
0.00273986
0.00275560
0.00272303
0.00272821
0.00273458
0.00273687
0.00275068
0.00272454
0.00275379
0.00276898
0.00274633
0.00276047
0.00275915
0.00272201
0.00270567
0.00271374
0.00274425
0.00273243
0.00273594
0.00274499
0.00271524
0.00275019
0.00272221
0.00270841
0.00270976
0.00270738
0.00275206
0.00275463
0.00273995
0.00274742
0.00274465
0.00272446
0.00273462
0.00272112
0.00272876
0.00272493
0.00272301
0.00272675
0.00274615
0.00275002
0.00275848
0.00274133
0.00276423
0.00279281
0.00273548
0.00274659
0.00271971
0.00272384
0.00272851
0.00275346
0.00276148
0.00274816
0.00277563
0.00275941
0.00275067
0.00276459
0.00276107
0.00272183
0.00273153
0.00274488
0.00273419
0.00273636
0.00272667
0.00273802
0.00274738
0.00273041
0.00275525
0.00273199
0.00275206
0.00273001
0.00273423
0.00272696
0.00275281
0.00275461
0.00274966
0.00275329
0.00276711
0.00275669
0.00277399
0.00275198
0.00275506
0.00273348
0.00272418
0.00273594
0.00271140
0.00274973
0.00273111
0.00274066
0.00274506
0.00273387
0.00271307
0.00275603
0.00274112
0.00276703
0.00275433
0.00273577
0.00273580
0.00275850
0.00273884
0.00274254
0.00275659
0.00274042
0.00274374
0.00274033
0.00275246
0.00276682
0.00273693
0.00271616
0.00273864
0.00275289
0.00273693
0.00273361
0.00273164
0.00275823
0.00281080
0.00276306
0.00276961
0.00276338
0.00273280
0.00274259
0.00270633
0.00270159
0.00272080
0.00273436
0.00272213
0.00276652
0.00275693
0.00271242
0.00273480
0.00277358
0.00273992
0.00276949
0.00276179
0.00277164
0.00273920
0.00276631
0.00276095
0.00275717
0.00275342
0.00277081
0.00271566
0.00274209
0.00275696
0.00272595
0.00273091
0.00279546
0.00276449
0.00277747
0.00277383
0.00277263
